0 2 -1
0.5 6 6
1 28 50
1.5 141 276
2 711 1416
2.5 327 3583
3 521 5379
3.5 523 7405
4 525 9439
4.5 527 11479
5 529 13521
5.5 531 15635
6 533 17733
6.5 535 19787
7 537 21875
7.5 539 23963
8 541 26057
8.5 543 28163
9 545 30275
9.5 547 32393
10 548 34493
10.5 550 36685
11 552 38861
11.5 554 40993
12 556 43159
12.5 558 45325
13 560 47497
13.5 562 49681
14 564 51871
14.5 566 54061
15 568 56225
15.5 570 58495
16 572 60749
16.5 574 62959
17 576 65203
17.5 578 67447
18 580 69697
18.5 582 71959
19 584 74227
19.5 586 76477
20 587 78717
20.5 589 81067
21 591 83399
21.5 593 85685
22 595 88009
22.5 597 90329
23 599 92657
23.5 601 94997
24 603 97343
24.5 605 99651
25 607 101971
25.5 609 104399
26 611 106807
26.5 613 109171
27 615 111573
27.5 617 113973
28 619 116379
28.5 621 118797
29 623 121203
29.5 625 123587
30 626 125985
30.5 628 128491
31 630 130977
31.5 632 133419
32 634 135899
32.5 636 138377
33 638 140861
33.5 640 143357
34 642 145821
34.5 644 148283
35 646 150759
35.5 648 153343
36 650 155907
36.5 652 158427
37 654 160985
37.5 656 163541
38 658 166103
38.5 660 168669
39 662 171199
39.5 664 173739
40 665 176295
40.5 667 178957
41 669 181597
41.5 671 184197
42 673 186831
42.5 675 189465
43 677 192107
43.5 679 194729
44 681 197339
44.5 683 199955
45 685 202591
45.5 687 205331
46 689 208049
46.5 691 210727
47 693 213439
47.5 695 216151
48 697 218871
48.5 699 221551
49 701 224239
49.5 703 226933
50 704 229647
50.5 706 232465
51 708 235261
51.5 710 238017
52 712 240807
52.5 714 243597
53 716 246377
53.5 718 249133
54 720 251899
54.5 722 254671
55 724 257463
55.5 726 260359
56 728 263233
56.5 730 266067
57 732 268933
57.5 734 271803
58 736 274641
58.5 738 277475
59 740 280319
59.5 742 283169
60 743 286041
60.5 745 289015
61 747 291965
61.5 749 294879
62 751 297823
62.5 753 300761
63 755 303665
63.5 757 306579
64 759 309499
64.5 761 312429
65 763 315379
65.5 765 318431
66 767 321459
66.5 769 324451
67 771 327473
67.5 773 330469
68 775 333451
68.5 777 336443
69 779 339441
69.5 781 342449
70 782 345477
70.5 784 348607
71 786 351713
71.5 788 354783
72 790 357883
72.5 792 360937
73 794 363997
73.5 796 367065
74 798 370143
74.5 800 373227
75 802 376335
75.5 804 379543
76 806 382725
76.5 808 385873
77 810 389033
77.5 812 392165
78 814 395303
78.5 816 398451
79 818 401605
79.5 820 404769
80 821 407955
80.5 823 411241
81 825 414501
81.5 827 417727
82 829 420945
82.5 831 424153
83 833 427371
83.5 835 430595
84 837 433829
84.5 839 437069
85 841 440335
85.5 843 443699
86 845 447035
86.5 847 450337
87 849 453617
87.5 851 456903
88 853 460199
88.5 855 463501
89 857 466811
89.5 859 470131
90 860 473475
90.5 862 476917
91 864 480331
91.5 866 483691
92 868 487047
92.5 870 490413
93 872 493785
93.5 874 497167
94 876 500555
94.5 878 503953
95 880 507375
95.5 882 510895
96 884 514379
96.5 886 517805
97 888 521241
97.5 890 524683
98 892 528135
98.5 894 531593
99 896 535061
99.5 898 538535
100 899 542037
100.5 901 545635
101 903 549175
101.5 905 552681
102 907 556193
102.5 909 559715
103 911 563243
103.5 913 566781
104 915 570325
104.5 917 573879
105 919 577459
105.5 921 581135
106 923 584733
106.5 925 588317
107 927 591907
107.5 929 595505
108 931 599113
108.5 933 602727
109 935 606351
109.5 937 609981
110 938 613641
110.5 940 617395
111 942 621051
111.5 944 624711
112 946 628381
112.5 948 632057
113 950 635743
113.5 952 639435
114 954 643137
114.5 956 646845
115 958 650583
115.5 960 654399
116 962 658129
116.5 964 661869
117 966 665615
117.5 968 669371
118 970 673133
118.5 972 676905
119 974 680683
119.5 976 684471
120 977 688287
120.5 979 692159
121 981 695969
121.5 983 699785
122 985 703611
122.5 987 707443
123 989 711285
123.5 991 715133
124 993 718989
124.5 995 722855
125 997 726751
125.5 999 730681
126 1001 734567
126.5 1003 738463
127 1005 742365
127.5 1007 746277
128 1009 750195
128.5 1011 754123
129 1013 758057
129.5 1015 762001
130 1016 765975
130.5 1018 769963
131 1020 773927
131.5 1022 777901
132 1024 781881
132.5 1026 785871
133 1028 789867
133.5 1030 793873
134 1032 797885
134.5 1034 801907
135 1036 805959
135.5 1038 810005
136 1040 814049
136.5 1042 818099
137 1044 822159
137.5 1046 826225
138 1048 830301
138.5 1050 834383
139 1052 838475
139.5 1054 842573
140 1055 846695
140.5 1057 850809
141 1059 854929
141.5 1061 859059
142 1063 863195
142.5 1065 867339
143 1067 871493
143.5 1069 875653
144 1071 879823
144.5 1072 883995
145 1072 888167
145.5 1072 892339
146 1072 896511
146.5 1072 900683
147 1072 904857
147.5 1072 909029
148 1072 913201
148.5 1072 917373
149 1072 921545
149.5 1072 925717
150 1072 929889
150.5 1072 934061
151 1072 938233
151.5 1072 942407
152 1072 946579
152.5 1072 950751
153 1072 954923
153.5 1072 959095
154 1072 963267
154.5 1072 967439
155 1072 971611
155.5 1072 975785
156 1072 979957
156.5 1072 984129
157 1072 988301
157.5 1072 992473
158 1072 996645
158.5 1072 1000817
159 1072 1004989
159.5 1072 1009161
160 1072 1013335
160.5 1072 1017507
161 1072 1021679
161.5 1072 1025851
162 1072 1030023
162.5 1072 1034195
163 1072 1038367
163.5 1072 1042539
164 1072 1046711
164.5 1072 1050885
165 1072 1055057
165.5 1072 1059229
166 1072 1063401
166.5 1072 1067573
167 1072 1071745
167.5 1072 1075917
168 1072 1080089
168.5 1072 1084261
169 1072 1088435
169.5 1072 1092607
170 1072 1096779
170.5 1072 1100951
171 1072 1105123
171.5 1072 1109295
172 1072 1113467
172.5 1072 1117639
173 1072 1121813
173.5 1072 1125985
174 1072 1130157
174.5 1072 1134329
175 1072 1138501
175.5 1072 1142673
176 1072 1146845
176.5 1072 1151017
177 1072 1155189
177.5 1072 1159363
178 1072 1163535
178.5 1072 1167707
179 1072 1171879
179.5 1072 1176051
180 1072 1180223
180.5 1072 1184395
181 1072 1188567
181.5 1072 1192739
182 1072 1196913
182.5 1072 1201085
183 1072 1205257
183.5 1072 1209429
184 1072 1213601
184.5 1072 1217773
185 1072 1221945
185.5 1072 1226117
186 1072 1230291
186.5 1072 1234463
187 1072 1238635
187.5 1072 1242807
188 1072 1246979
188.5 1072 1251151
189 1072 1255323
189.5 1072 1259495
190 1072 1263667
190.5 1072 1267841
191 1072 1272013
191.5 1072 1276185
192 1072 1280357
192.5 1072 1284529
193 1072 1288701
193.5 1072 1292873
194 1072 1297045
194.5 1072 1301217
195 1072 1305391
195.5 1072 1309563
196 1072 1313735
196.5 1072 1317907
197 1072 1322079
197.5 1072 1326251
198 1072 1330423
198.5 1072 1334595
199 1072 1338767
199.5 1072 1342941
200 1072 1347113
200.5 1072 1351285
201 1072 1355457
201.5 1072 1359629
202 1072 1363801
202.5 1072 1367973
203 1072 1372145
203.5 1072 1376319
204 1072 1380491
204.5 1072 1384663
205 1072 1388835
205.5 1072 1393007
206 1072 1397179
206.5 1072 1401351
207 1072 1405523
207.5 1072 1409695
208 1072 1413869
208.5 1072 1418041
209 1072 1422213
209.5 1072 1426385
210 1072 1430557
210.5 1072 1434729
211 1072 1438901
211.5 1072 1443073
212 1072 1447245
212.5 1072 1451419
213 1072 1455591
213.5 1072 1459763
214 1072 1463935
214.5 1072 1468107
215 1072 1472279
215.5 1072 1476451
216 1072 1480623
216.5 1072 1484797
217 1072 1488969
217.5 1072 1493141
218 1072 1497313
218.5 1072 1501485
219 1072 1505657
219.5 1072 1509829
220 1072 1514001
220.5 1072 1518173
221 1072 1522347
221.5 1072 1526519
222 1072 1530691
222.5 1072 1534863
223 1072 1539035
223.5 1072 1543207
224 1072 1547379
224.5 1072 1551551
225 1072 1555723
225.5 1072 1559897
226 1072 1564069
226.5 1072 1568241
227 1072 1572413
227.5 1072 1576585
228 1072 1580757
228.5 1072 1584929
229 1072 1589101
229.5 1072 1593273
230 1072 1597447
230.5 1072 1601619
231 1072 1605791
231.5 1072 1609963
232 1072 1614135
232.5 1072 1618307
233 1072 1622479
233.5 1072 1626651
234 1072 1630825
234.5 1072 1634997
235 1072 1639169
235.5 1072 1643341
236 1072 1647513
236.5 1072 1651685
237 1072 1655857
237.5 1072 1660029
238 1072 1664201
238.5 1072 1668375
239 1072 1672547
239.5 1072 1676719
240 1072 1680891
240.5 1072 1685063
241 1072 1689235
241.5 1072 1693407
242 1072 1697579
242.5 1072 1701751
243 1072 1705925
243.5 1072 1710097
244 1072 1714269
244.5 1072 1718441
245 1072 1722613
245.5 1072 1726785
246 1072 1730957
246.5 1072 1735129
247 1072 1739303
247.5 1072 1743475
248 1072 1747647
248.5 1072 1751819
249 1072 1755991
249.5 1072 1760163
250 1072 1764335
250.5 1072 1768507
251 1072 1772679
251.5 1072 1776853
252 1072 1781025
252.5 1072 1785197
253 1072 1789369
253.5 1072 1793541
254 1072 1797713
254.5 1072 1801885
255 1072 1806057
255.5 1072 1810229
256 1072 1814403
256.5 1072 1818575
257 1072 1822747
257.5 1072 1826919
258 1072 1831091
258.5 1072 1835263
259 1072 1839435
259.5 1072 1843607
260 1072 1847781
260.5 1072 1851953
261 1072 1856125
261.5 1072 1860297
262 1072 1864469
262.5 1072 1868641
263 1072 1872813
263.5 1072 1876985
264 1072 1881157
264.5 1072 1885331
265 1072 1889503
265.5 1072 1893675
266 1072 1897847
266.5 1072 1902019
267 1072 1906191
267.5 1072 1910363
268 1072 1914535
268.5 1072 1918707
269 1072 1922881
269.5 1072 1927053
270 1072 1931225
270.5 1072 1935397
271 1072 1939569
271.5 1072 1943741
272 1072 1947913
272.5 1072 1952085
273 1072 1956257
273.5 1072 1960431
274 1072 1964603
274.5 1072 1968775
275 1072 1972947
275.5 1072 1977119
276 1072 1981291
276.5 1072 1985463
277 1072 1989635
277.5 1072 1993809
278 1072 1997981
278.5 1072 2002153
279 1072 2006325
279.5 1072 2010497
280 1072 2014669
280.5 1072 2018841
281 1072 2023013
281.5 1072 2027185
282 1072 2031359
282.5 1072 2035531
283 1072 2039703
283.5 1072 2043875
284 1072 2048047
284.5 1072 2052219
285 1072 2056391
285.5 1072 2060563
286 1072 2064735
286.5 1072 2068909
287 1072 2073081
287.5 1072 2077253
288 1072 2081425
288.5 1072 2085597
289 1072 2089769
289.5 1072 2093941
290 1072 2098113
290.5 1072 2102287
291 1072 2106459
291.5 1072 2110631
292 1072 2114803
292.5 1072 2118975
293 1072 2123147
293.5 1072 2127319
294 1072 2131491
294.5 1072 2135663
295 1072 2139837
295.5 1072 2144009
296 1072 2148181
296.5 1072 2152353
297 1072 2156525
297.5 1072 2160697
298 1072 2164869
298.5 1072 2169041
299 1072 2173213
299.5 1072 2177387
300 1072 2181559
300.5 1072 2185731
301 1072 2189903
301.5 1072 2194075
302 1072 2198247
302.5 1072 2202419
303 1072 2206591
303.5 1072 2210763
304 1072 2214937
304.5 1072 2219109
305 1072 2223281
305.5 1072 2227453
306 1072 2231625
306.5 1072 2235797
307 1072 2239969
307.5 1072 2244141
308 1072 2248315
308.5 1072 2252487
309 1072 2256659
309.5 1072 2260831
310 1072 2265003
310.5 1072 2269175
311 1072 2273347
311.5 1072 2277519
312 1072 2281691
312.5 1072 2285865
313 1072 2290037
313.5 1072 2294209
314 1072 2298381
314.5 1072 2302553
315 1072 2306725
315.5 1072 2310897
316 1072 2315069
316.5 1072 2319241
317 1072 2323415
317.5 1072 2327587
318 1072 2331759
318.5 1072 2335931
319 1072 2340103
319.5 1072 2344275
320 1072 2348447
320.5 1072 2352619
321 1072 2356793
321.5 1072 2360965
322 1072 2365137
322.5 1072 2369309
323 1072 2373481
323.5 1072 2377653
324 1072 2381825
324.5 1072 2385997
325 1072 2390169
325.5 1072 2394343
326 1072 2398515
326.5 1072 2402687
327 1072 2406859
327.5 1072 2411031
328 1072 2415203
328.5 1072 2419375
329 1072 2423547
329.5 1072 2427719
330 1072 2431893
330.5 1072 2436065
331 1072 2440237
331.5 1072 2444409
332 1072 2448581
332.5 1072 2452753
333 1072 2456925
333.5 1072 2461097
334 1072 2465269
334.5 1072 2469443
335 1072 2473615
335.5 1072 2477787
336 1072 2481959
336.5 1072 2486131
337 1072 2490303
337.5 1072 2494475
338 1072 2498647
338.5 1072 2502821
339 1072 2506993
339.5 1072 2511165
340 1072 2515337
340.5 1072 2519509
341 1072 2523681
341.5 1072 2527853
342 1072 2532025
342.5 1072 2536197
343 1072 2540371
343.5 1072 2544543
344 1072 2548715
344.5 1072 2552887
345 1072 2557059
345.5 1072 2561231
346 1072 2565403
346.5 1072 2569575
347 1072 2573747
347.5 1072 2577921
348 1072 2582093
348.5 1072 2586265
349 1072 2590437
349.5 1072 2594609
350 1072 2598781
350.5 1072 2602953
351 1072 2607125
351.5 1072 2611299
352 1072 2615471
352.5 1072 2619643
353 1072 2623815
353.5 1072 2627987
354 1072 2632159
354.5 1072 2636331
355 1072 2640503
355.5 1072 2644675
356 1072 2648849
356.5 1072 2653021
357 1072 2657193
357.5 1072 2661365
358 1072 2665537
358.5 1072 2669709
359 1072 2673881
359.5 1072 2678053
360 1072 2682225
360.5 1072 2686399
361 1072 2690571
361.5 1072 2694743
362 1072 2698915
362.5 1072 2703087
363 1072 2707259
363.5 1072 2711431
364 1072 2715603
364.5 1072 2719775
365 1072 2723949
365.5 1072 2728121
366 1072 2732293
366.5 1072 2736465
367 1072 2740637
367.5 1072 2744809
368 1072 2748981
368.5 1072 2753153
369 1072 2757327
369.5 1072 2761499
370 1072 2765671
370.5 1072 2769843
371 1072 2774015
371.5 1072 2778187
372 1072 2782359
372.5 1072 2786531
373 1072 2790703
373.5 1072 2794877
374 1072 2799049
374.5 1072 2803221
375 1072 2807393
375.5 1072 2811565
376 1072 2815737
376.5 1072 2819909
377 1072 2824081
377.5 1072 2828253
378 1072 2832427
378.5 1072 2836599
379 1072 2840771
379.5 1072 2844943
380 1072 2849115
380.5 1072 2853287
381 1072 2857459
381.5 1072 2861631
382 1072 2865805
382.5 1072 2869977
383 1072 2874149
383.5 1072 2878321
384 1072 2882493
384.5 1072 2886665
385 1072 2890837
385.5 1072 2895009
386 1072 2899181
386.5 1072 2903355
387 1072 2907527
387.5 1072 2911699
388 1072 2915871
388.5 1072 2920043
389 1072 2924215
389.5 1072 2928387
390 1072 2932559
390.5 1072 2936731
391 1072 2940905
391.5 1072 2945077
392 1072 2949249
392.5 1072 2953421
393 1072 2957593
393.5 1072 2961765
394 1072 2965937
394.5 1072 2970109
395 1072 2974283
395.5 1072 2978455
396 1072 2982627
396.5 1072 2986799
397 1072 2990971
397.5 1072 2995143
398 1072 2999315
398.5 1072 3003487
399 1072 3007659
399.5 1072 3011833
400 1072 3016005
400.5 1072 3020177
401 1072 3024349
401.5 1072 3028521
402 1072 3032693
402.5 1072 3036865
403 1072 3041037
403.5 1072 3045209
404 1072 3049383
404.5 1072 3053555
405 1072 3057727
405.5 1072 3061899
406 1072 3066071
406.5 1072 3070243
407 1072 3074415
407.5 1072 3078587
408 1072 3082759
408.5 1072 3086933
409 1072 3091105
409.5 1072 3095277
410 1072 3099449
410.5 1072 3103621
411 1072 3107793
411.5 1072 3111965
412 1072 3116137
412.5 1072 3120311
413 1072 3124483
413.5 1072 3128655
414 1072 3132827
414.5 1072 3136999
415 1072 3141171
415.5 1072 3145343
416 1072 3149515
416.5 1072 3153687
417 1072 3157861
417.5 1072 3162033
418 1072 3166205
418.5 1072 3170377
419 1072 3174549
419.5 1072 3178721
420 1072 3182893
420.5 1072 3187065
421 1072 3191237
421.5 1072 3195411
422 1072 3199583
422.5 1072 3203755
423 1072 3207927
423.5 1072 3212099
424 1072 3216271
424.5 1072 3220443
425 1072 3224615
425.5 1072 3228789
426 1072 3232961
426.5 1072 3237133
427 1072 3241305
427.5 1072 3245477
428 1072 3249649
428.5 1072 3253821
429 1072 3257993
429.5 1072 3262165
430 1072 3266339
430.5 1072 3270511
431 1072 3274683
431.5 1072 3278855
432 1072 3283027
432.5 1072 3287199
433 1072 3291371
433.5 1072 3295543
434 1072 3299715
434.5 1072 3303889
435 1072 3308061
435.5 1072 3312233
436 1072 3316405
436.5 1072 3320577
437 1072 3324749
437.5 1072 3328921
438 1072 3333093
438.5 1072 3337265
439 1072 3341439
439.5 1072 3345611
440 1072 3349783
440.5 1072 3353955
441 1072 3358127
441.5 1072 3362299
442 1072 3366471
442.5 1072 3370643
443 1072 3374817
443.5 1072 3378989
444 1072 3383161
444.5 1072 3387333
445 1072 3391505
445.5 1072 3395677
446 1072 3399849
446.5 1072 3404021
447 1072 3408193
447.5 1072 3412367
448 1072 3416539
448.5 1072 3420711
449 1072 3424883
449.5 1072 3429055
450 1072 3433227
450.5 1072 3437399
451 1072 3441571
451.5 1072 3445743
452 1072 3449917
452.5 1072 3454089
453 1072 3458261
453.5 1072 3462433
454 1072 3466605
454.5 1072 3470777
455 1072 3474949
455.5 1072 3479121
456 1072 3483295
456.5 1072 3487467
457 1072 3491639
457.5 1072 3495811
458 1072 3499983
458.5 1072 3504155
459 1072 3508327
459.5 1072 3512499
460 1072 3516671
460.5 1072 3520845
461 1072 3525017
461.5 1072 3529189
462 1072 3533361
462.5 1072 3537533
463 1072 3541705
463.5 1072 3545877
464 1072 3550049
464.5 1072 3554221
465 1072 3558395
465.5 1072 3562567
466 1072 3566739
466.5 1072 3570911
467 1072 3575083
467.5 1072 3579255
468 1072 3583427
468.5 1072 3587599
469 1072 3591771
469.5 1072 3595945
470 1072 3600117
470.5 1072 3604289
471 1072 3608461
471.5 1072 3612633
472 1072 3616805
472.5 1072 3620977
473 1072 3625149
473.5 1072 3629323
474 1072 3633495
474.5 1072 3637667
475 1072 3641839
475.5 1072 3646011
476 1072 3650183
476.5 1072 3654355
477 1072 3658527
477.5 1072 3662699
478 1072 3666873
478.5 1072 3671045
479 1072 3675217
479.5 1072 3679389
480 1072 3683561
480.5 1072 3687733
481 1072 3691905
481.5 1072 3696077
482 1072 3700249
482.5 1072 3704423
483 1072 3708595
483.5 1072 3712767
484 1072 3716939
484.5 1072 3721111
485 1072 3725283
485.5 1072 3729455
486 1072 3733627
486.5 1072 3737801
487 1072 3741973
487.5 1072 3746145
488 1072 3750317
488.5 1072 3754489
489 1072 3758661
489.5 1072 3762833
490 1072 3767005
490.5 1072 3771177
491 1072 3775351
491.5 1072 3779523
492 1072 3783695
492.5 1072 3787867
493 1072 3792039
493.5 1072 3796211
494 1072 3800383
494.5 1072 3804555
495 1072 3808727
495.5 1072 3812901
496 1072 3817073
496.5 1072 3821245
497 1072 3825417
497.5 1072 3829589
498 1072 3833761
498.5 1072 3837933
499 1072 3842105
499.5 1072 3846279
500 1072 3850451
500.5 1072 3854623
501 1072 3858795
501.5 1072 3862967
502 1072 3867139
502.5 1072 3871311
503 1072 3875483
503.5 1072 3879655
504 1072 3883829
504.5 1072 3888001
505 1072 3892173
505.5 1072 3896345
506 1072 3900517
506.5 1072 3904689
507 1072 3908861
507.5 1072 3913033
508 1072 3917205
508.5 1072 3921379
509 1072 3925551
509.5 1072 3929723
510 1072 3933895
510.5 1072 3938067
511 1072 3942239
511.5 1072 3946411
512 1072 3950583
512.5 1072 3954755
513 1072 3958929
513.5 1072 3963101
514 1072 3967273
514.5 1072 3971445
515 1072 3975617
515.5 1072 3979789
516 1072 3983961
516.5 1072 3988133
517 1072 3992307
517.5 1072 3996479
518 1072 4000651
518.5 1072 4004823
519 1072 4008995
519.5 1072 4013167
520 1072 4017339
520.5 1072 4021511
521 1072 4025683
521.5 1072 4029857
522 1072 4034029
522.5 1072 4038201
523 1072 4042373
523.5 1072 4046545
524 1072 4050717
524.5 1072 4054889
525 1072 4059061
525.5 1072 4063233
526 1072 4067407
526.5 1072 4071579
527 1072 4075751
527.5 1072 4079923
528 1072 4084095
528.5 1072 4088267
529 1072 4092439
529.5 1072 4096611
530 1072 4100785
530.5 1072 4104957
531 1072 4109129
531.5 1072 4113301
532 1072 4117473
532.5 1072 4121645
533 1072 4125817
533.5 1072 4129989
534 1072 4134161
534.5 1072 4138335
535 1072 4142507
535.5 1072 4146679
536 1072 4150851
536.5 1072 4155023
537 1072 4159195
537.5 1072 4163367
538 1072 4167539
538.5 1072 4171711
539 1072 4175885
539.5 1072 4180057
540 1072 4184229
540.5 1072 4188401
541 1072 4192573
541.5 1072 4196745
542 1072 4200917
542.5 1072 4205089
543 1072 4209261
543.5 1072 4213435
544 1072 4217607
544.5 1072 4221779
545 1072 4225951
545.5 1072 4230123
546 1072 4234295
546.5 1072 4238467
547 1072 4242639
547.5 1072 4246813
548 1072 4250985
548.5 1072 4255157
549 1072 4259329
549.5 1072 4263501
550 1072 4267673
550.5 1072 4271845
551 1072 4276017
551.5 1072 4280189
552 1072 4284363
552.5 1072 4288535
553 1072 4292707
553.5 1072 4296879
554 1072 4301051
554.5 1072 4305223
555 1072 4309395
555.5 1072 4313567
556 1072 4317739
556.5 1072 4321913
557 1072 4326085
557.5 1072 4330257
558 1072 4334429
558.5 1072 4338601
559 1072 4342773
559.5 1072 4346945
560 1072 4351117
560.5 1072 4355291
561 1072 4359463
561.5 1072 4363635
562 1072 4367807
562.5 1072 4371979
563 1072 4376151
563.5 1072 4380323
564 1072 4384495
564.5 1072 4388667
565 1072 4392841
565.5 1072 4397013
566 1072 4401185
566.5 1072 4405357
567 1072 4409529
567.5 1072 4413701
568 1072 4417873
568.5 1072 4422045
569 1072 4426217
569.5 1072 4430391
570 1072 4434563
570.5 1072 4438735
571 1072 4442907
571.5 1072 4447079
572 1072 4451251
572.5 1072 4455423
573 1072 4459595
573.5 1072 4463767
574 1072 4467941
574.5 1072 4472113
575 1072 4476285
575.5 1072 4480457
576 1072 4484629
576.5 1072 4488801
577 1072 4492973
577.5 1072 4497145
578 1072 4501319
578.5 1072 4505491
579 1072 4509663
579.5 1072 4513835
580 1072 4518007
580.5 1072 4522179
581 1072 4526351
581.5 1072 4530523
582 1072 4534695
582.5 1072 4538869
583 1072 4543041
583.5 1072 4547213
584 1072 4551385
584.5 1072 4555557
585 1072 4559729
585.5 1072 4563901
586 1072 4568073
586.5 1072 4572245
587 1072 4576419
587.5 1072 4580591
588 1072 4584763
588.5 1072 4588935
589 1072 4593107
589.5 1072 4597279
590 1072 4601451
590.5 1072 4605623
591 1072 4609797
591.5 1072 4613969
592 1072 4618141
592.5 1072 4622313
593 1072 4626485
593.5 1072 4630657
594 1072 4634829
594.5 1072 4639001
595 1072 4643173
595.5 1072 4647347
596 1072 4651519
596.5 1072 4655691
597 1072 4659863
597.5 1072 4664035
598 1072 4668207
598.5 1072 4672379
599 1072 4676551
599.5 1072 4680723
600 1072 4684897
600.5 1072 4689069
601 1072 4693241
601.5 1072 4697413
602 1072 4701585
602.5 1072 4705757
603 1072 4709929
603.5 1072 4714101
604 1072 4718273
604.5 1072 4722447
605 1072 4726619
605.5 1072 4730791
606 1072 4734963
606.5 1072 4739135
607 1072 4743307
607.5 1072 4747479
608 1072 4751651
608.5 1072 4755825
609 1072 4759997
609.5 1072 4764169
610 1072 4768341
610.5 1072 4772513
611 1072 4776685
611.5 1072 4780857
612 1072 4785029
612.5 1072 4789201
613 1072 4793375
613.5 1072 4797547
614 1072 4801719
614.5 1072 4805891
615 1072 4810063
615.5 1072 4814235
616 1072 4818407
616.5 1072 4822579
617 1072 4826751
617.5 1072 4830925
618 1072 4835097
618.5 1072 4839269
619 1072 4843441
619.5 1072 4847613
620 1072 4851785
620.5 1072 4855957
621 1072 4860129
621.5 1072 4864303
622 1072 4868475
622.5 1072 4872647
623 1072 4876819
623.5 1072 4880991
624 1072 4885163
624.5 1072 4889335
625 1072 4893507
625.5 1072 4897679
626 1072 4901853
626.5 1072 4906025
627 1072 4910197
627.5 1072 4914369
628 1072 4918541
628.5 1072 4922713
629 1072 4926885
629.5 1072 4931057
630 1072 4935229
630.5 1072 4939403
631 1072 4943575
631.5 1072 4947747
632 1072 4951919
632.5 1072 4956091
633 1072 4960263
633.5 1072 4964435
634 1072 4968607
634.5 1072 4972781
635 1072 4976953
635.5 1072 4981125
636 1072 4985297
636.5 1072 4989469
637 1072 4993641
637.5 1072 4997813
638 1072 5001985
638.5 1072 5006157
639 1072 5010331
639.5 1072 5014503
640 1072 5018675
640.5 1072 5022847
641 1072 5027019
641.5 1072 5031191
642 1072 5035363
642.5 1072 5039535
643 1072 5043707
643.5 1072 5047881
644 1072 5052053
644.5 1072 5056225
645 1072 5060397
645.5 1072 5064569
646 1072 5068741
646.5 1072 5072913
647 1072 5077085
647.5 1072 5081257
648 1072 5085431
648.5 1072 5089603
649 1072 5093775
649.5 1072 5097947
650 1072 5102119
650.5 1072 5106291
651 1072 5110463
651.5 1072 5114635
652 1072 5118809
652.5 1072 5122981
653 1072 5127153
653.5 1072 5131325
654 1072 5135497
654.5 1072 5139669
655 1072 5143841
655.5 1072 5148013
656 1072 5152185
656.5 1072 5156359
657 1072 5160531
657.5 1072 5164703
658 1072 5168875
658.5 1072 5173047
659 1072 5177219
659.5 1072 5181391
660 1072 5185563
660.5 1072 5189735
661 1072 5193909
661.5 1072 5198081
662 1072 5202253
662.5 1072 5206425
663 1072 5210597
663.5 1072 5214769
664 1072 5218941
664.5 1072 5223113
665 1072 5227287
665.5 1072 5231459
666 1072 5235631
666.5 1072 5239803
667 1072 5243975
667.5 1072 5248147
668 1072 5252319
668.5 1072 5256491
669 1072 5260663
669.5 1072 5264837
670 1072 5269009
670.5 1072 5273181
671 1072 5277353
671.5 1072 5281525
672 1072 5285697
672.5 1072 5289869
673 1072 5294041
673.5 1072 5298213
674 1072 5302387
674.5 1072 5306559
675 1072 5310731
675.5 1072 5314903
676 1072 5319075
676.5 1072 5323247
677 1072 5327419
677.5 1072 5331591
678 1072 5335763
678.5 1072 5339937
679 1072 5344109
679.5 1072 5348281
680 1072 5352453
680.5 1072 5356625
681 1072 5360797
681.5 1072 5364969
682 1072 5369141
682.5 1072 5373315
683 1072 5377487
683.5 1072 5381659
684 1072 5385831
684.5 1072 5390003
685 1072 5394175
685.5 1072 5398347
686 1072 5402519
686.5 1072 5406691
687 1072 5410865
687.5 1072 5415037
688 1072 5419209
688.5 1072 5423381
689 1072 5427553
689.5 1072 5431725
690 1072 5435897
690.5 1072 5440069
691 1072 5444241
691.5 1072 5448415
692 1072 5452587
692.5 1072 5456759
693 1072 5460931
693.5 1072 5465103
694 1072 5469275
694.5 1072 5473447
695 1072 5477619
695.5 1072 5481793
696 1072 5485965
696.5 1072 5490137
697 1072 5494309
697.5 1072 5498481
698 1072 5502653
698.5 1072 5506825
699 1072 5510997
699.5 1072 5515169
700 1072 5519343
700.5 1072 5523515
701 1072 5527687
701.5 1072 5531859
702 1072 5536031
702.5 1072 5540203
703 1072 5544375
703.5 1072 5548547
704 1072 5552719
704.5 1072 5556893
705 1072 5561065
705.5 1072 5565237
706 1072 5569409
706.5 1072 5573581
707 1072 5577753
707.5 1072 5581925
708 1072 5586097
708.5 1072 5590269
709 1072 5594443
709.5 1072 5598615
710 1072 5602787
710.5 1072 5606959
711 1072 5611131
711.5 1072 5615303
712 1072 5619475
712.5 1072 5623647
713 1072 5627821
713.5 1072 5631993
714 1072 5636165
714.5 1072 5640337
715 1072 5644509
715.5 1072 5648681
716 1072 5652853
716.5 1072 5657025
717 1072 5661197
717.5 1072 5665371
718 1072 5669543
718.5 1072 5673715
719 1072 5677887
719.5 1072 5682059
720 1072 5686231
720.5 1072 5690403
721 1072 5694575
721.5 1072 5698747
722 1072 5702921
722.5 1072 5707093
723 1072 5711265
723.5 1072 5715437
724 1072 5719609
724.5 1072 5723781
725 1072 5727953
725.5 1072 5732125
726 1072 5736299
726.5 1072 5740471
727 1072 5744643
727.5 1072 5748815
728 1072 5752987
728.5 1072 5757159
729 1072 5761331
729.5 1072 5765503
730 1072 5769675
730.5 1072 5773849
731 1072 5778021
731.5 1072 5782193
732 1072 5786365
732.5 1072 5790537
733 1072 5794709
733.5 1072 5798881
734 1072 5803053
734.5 1072 5807225
735 1072 5811399
735.5 1072 5815571
736 1072 5819743
736.5 1072 5823915
737 1072 5828087
737.5 1072 5832259
738 1072 5836431
738.5 1072 5840603
739 1072 5844775
739.5 1072 5848949
740 1072 5853121
740.5 1072 5857293
741 1072 5861465
741.5 1072 5865637
742 1072 5869809
742.5 1072 5873981
743 1072 5878153
743.5 1072 5882327
744 1072 5886499
744.5 1072 5890671
745 1072 5894843
745.5 1072 5899015
746 1072 5903187
746.5 1072 5907359
747 1072 5911531
747.5 1072 5915703
748 1072 5919877
748.5 1072 5924049
749 1072 5928221
749.5 1072 5932393
750 1072 5936565
750.5 1072 5940737
751 1072 5944909
751.5 1072 5949081
752 1072 5953253
752.5 1072 5957427
753 1072 5961599
753.5 1072 5965771
754 1072 5969943
754.5 1072 5974115
755 1072 5978287
755.5 1072 5982459
756 1072 5986631
756.5 1072 5990805
757 1072 5994977
757.5 1072 5999149
758 1072 6003321
758.5 1072 6007493
759 1072 6011665
759.5 1072 6015837
760 1072 6020009
760.5 1072 6024181
761 1072 6028355
761.5 1072 6032527
762 1072 6036699
762.5 1072 6040871
763 1072 6045043
763.5 1072 6049215
764 1072 6053387
764.5 1072 6057559
765 1072 6061731
765.5 1072 6065905
766 1072 6070077
766.5 1072 6074249
767 1072 6078421
767.5 1072 6082593
768 1072 6086765
768.5 1072 6090937
769 1072 6095109
769.5 1072 6099283
770 1072 6103455
770.5 1072 6107627
771 1072 6111799
771.5 1072 6115971
772 1072 6120143
772.5 1072 6124315
773 1072 6128487
773.5 1072 6132659
774 1072 6136833
774.5 1072 6141005
775 1072 6145177
775.5 1072 6149349
776 1072 6153521
776.5 1072 6157693
777 1072 6161865
777.5 1072 6166037
778 1072 6170209
778.5 1072 6174383
779 1072 6178555
779.5 1072 6182727
780 1072 6186899
780.5 1072 6191071
781 1072 6195243
781.5 1072 6199415
782 1072 6203587
782.5 1072 6207759
783 1072 6211933
783.5 1072 6216105
784 1072 6220277
784.5 1072 6224449
785 1072 6228621
785.5 1072 6232793
786 1072 6236965
786.5 1072 6241137
787 1072 6245311
787.5 1072 6249483
788 1072 6253655
788.5 1072 6257827
789 1072 6261999
789.5 1072 6266171
790 1072 6270343
790.5 1072 6274515
791 1072 6278687
791.5 1072 6282861
792 1072 6287033
792.5 1072 6291205
793 1072 6295377
793.5 1072 6299549
794 1072 6303721
794.5 1072 6307893
795 1072 6312065
795.5 1072 6316237
796 1072 6320411
796.5 1072 6324583
797 1072 6328755
797.5 1072 6332927
798 1072 6337099
798.5 1072 6341271
799 1072 6345443
799.5 1072 6349615
800 1072 6353789
800.5 1072 6357961
801 1072 6362133
801.5 1072 6366305
802 1072 6370477
802.5 1072 6374649
803 1072 6378821
803.5 1072 6382993
804 1072 6387165
804.5 1072 6391339
805 1072 6395511
805.5 1072 6399683
806 1072 6403855
806.5 1072 6408027
807 1072 6412199
807.5 1072 6416371
808 1072 6420543
808.5 1072 6424715
809 1072 6428889
809.5 1072 6433061
810 1072 6437233
810.5 1072 6441405
811 1072 6445577
811.5 1072 6449749
812 1072 6453921
812.5 1072 6458093
813 1072 6462265
813.5 1072 6466439
814 1072 6470611
814.5 1072 6474783
815 1072 6478955
815.5 1072 6483127
816 1072 6487299
816.5 1072 6491471
817 1072 6495643
817.5 1072 6499817
818 1072 6503989
818.5 1072 6508161
819 1072 6512333
819.5 1072 6516505
820 1072 6520677
820.5 1072 6524849
821 1072 6529021
821.5 1072 6533193
822 1072 6537367
822.5 1072 6541539
823 1072 6545711
823.5 1072 6549883
824 1072 6554055
824.5 1072 6558227
825 1072 6562399
825.5 1072 6566571
826 1072 6570743
826.5 1072 6574917
827 1072 6579089
827.5 1072 6583261
828 1072 6587433
828.5 1072 6591605
829 1072 6595777
829.5 1072 6599949
830 1072 6604121
830.5 1072 6608295
831 1072 6612467
831.5 1072 6616639
832 1072 6620811
832.5 1072 6624983
833 1072 6629155
833.5 1072 6633327
834 1072 6637499
834.5 1072 6641671
835 1072 6645845
835.5 1072 6650017
836 1072 6654189
836.5 1072 6658361
837 1072 6662533
837.5 1072 6666705
838 1072 6670877
838.5 1072 6675049
839 1072 6679221
839.5 1072 6683395
840 1072 6687567
840.5 1072 6691739
841 1072 6695911
841.5 1072 6700083
842 1072 6704255
842.5 1072 6708427
843 1072 6712599
843.5 1072 6716771
844 1072 6720945
844.5 1072 6725117
845 1072 6729289
845.5 1072 6733461
846 1072 6737633
846.5 1072 6741805
847 1072 6745977
847.5 1072 6750149
848 1072 6754323
848.5 1072 6758495
849 1072 6762667
849.5 1072 6766839
850 1072 6771011
850.5 1072 6775183
851 1072 6779355
851.5 1072 6783527
852 1072 6787699
852.5 1072 6791873
853 1072 6796045
853.5 1072 6800217
854 1072 6804389
854.5 1072 6808561
855 1072 6812733
855.5 1072 6816905
856 1072 6821077
856.5 1072 6825249
857 1072 6829423
857.5 1072 6833595
858 1072 6837767
858.5 1072 6841939
859 1072 6846111
859.5 1072 6850283
860 1072 6854455
860.5 1072 6858627
861 1072 6862801
861.5 1072 6866973
862 1072 6871145
862.5 1072 6875317
863 1072 6879489
863.5 1072 6883661
864 1072 6887833
864.5 1072 6892005
865 1072 6896177
865.5 1072 6900351
866 1072 6904523
866.5 1072 6908695
867 1072 6912867
867.5 1072 6917039
868 1072 6921211
868.5 1072 6925383
869 1072 6929555
869.5 1072 6933727
870 1072 6937901
870.5 1072 6942073
871 1072 6946245
871.5 1072 6950417
872 1072 6954589
872.5 1072 6958761
873 1072 6962933
873.5 1072 6967105
874 1072 6971277
874.5 1072 6975451
875 1072 6979623
875.5 1072 6983795
876 1072 6987967
876.5 1072 6992139
877 1072 6996311
877.5 1072 7000483
878 1072 7004655
878.5 1072 7008829
879 1072 7013001
879.5 1072 7017173
880 1072 7021345
880.5 1072 7025517
881 1072 7029689
881.5 1072 7033861
882 1072 7038033
882.5 1072 7042205
883 1072 7046379
883.5 1072 7050551
884 1072 7054723
884.5 1072 7058895
885 1072 7063067
885.5 1072 7067239
886 1072 7071411
886.5 1072 7075583
887 1072 7079755
887.5 1072 7083929
888 1072 7088101
888.5 1072 7092273
889 1072 7096445
889.5 1072 7100617
890 1072 7104789
890.5 1072 7108961
891 1072 7113133
891.5 1072 7117307
892 1072 7121479
892.5 1072 7125651
893 1072 7129823
893.5 1072 7133995
894 1072 7138167
894.5 1072 7142339
895 1072 7146511
895.5 1072 7150683
896 1072 7154857
896.5 1072 7159029
897 1072 7163201
897.5 1072 7167373
898 1072 7171545
898.5 1072 7175717
899 1072 7179889
899.5 1072 7184061
