0 -23168
0.5 162176
1 69504
1.5 46336
2 23168
2.5 46336
3 23168
3.5 46336
4 46336
4.5 23168
5 46336
5.5 23168
6 46336
6.5 23168
7 69504
7.5 46336
8 23168
8.5 162176
9 23168
9.5 46336
10 23168
10.5 46336
11 115840
11.5 417024
12 2316800
12.5 11723008
13 3243520
13.5 69504
14 46336
14.5 23168
15 46336
15.5 23168
16 46336
16.5 69504
17 23168
17.5 115840
18 46336
18.5 69504
19 23168
19.5 46336
20 92672
20.5 46336
21 69504
21.5 46336
22 69504
22.5 69504
23 23168
23.5 92672
24 23168
24.5 115840
25 23168
25.5 46336
26 69504
26.5 46336
27 92672
27.5 46336
28 69504
28.5 23168
29 92672
29.5 69504
30 23168
30.5 69504
31 46336
31.5 115840
32 23168
32.5 46336
33 69504
33.5 23168
34 115840
34.5 46336
35 69504
35.5 23168
36 46336
36.5 23168
37 46336
37.5 23168
38 46336
38.5 23168
39 46336
39.5 23168
40 46336
40.5 46336
41 23168
41.5 46336
42 23168
42.5 46336
43 23168
43.5 46336
44 23168
44.5 46336
45 23168
45.5 46336
46 23168
46.5 46336
47 23168
47.5 46336
48 23168
48.5 46336
49 23168
49.5 46336
50 23168
50.5 46336
51 46336
51.5 23168
52 46336
52.5 23168
53 46336
53.5 23168
54 115840
54.5 23168
55 46336
55.5 23168
56 46336
56.5 23168
57 46336
57.5 46336
58 23168
58.5 46336
59 23168
59.5 46336
60 23168
60.5 46336
61 23168
61.5 46336
62 23168
62.5 46336
63 23168
63.5 46336
64 23168
64.5 46336
65 23168
65.5 46336
66 23168
66.5 46336
67 23168
67.5 46336
68 46336
68.5 23168
69 46336
69.5 23168
70 46336
70.5 23168
71 46336
71.5 23168
72 46336
72.5 23168
73 46336
73.5 23168
74 46336
74.5 115840
75 23168
75.5 46336
76 23168
76.5 46336
77 23168
77.5 46336
78 23168
78.5 46336
79 69504
79.5 23168
80 46336
80.5 69504
81 46336
81.5 69504
82 185344
82.5 139008
83 46336
83.5 69504
84 185344
84.5 92672
85 46336
85.5 115840
86 185344
86.5 231680
87 185344
87.5 231680
88 46336
88.5 115840
89 139008
89.5 46336
90 23168
90.5 162176
91 463360
91.5 417024
92 741376
92.5 1112064
93 1065728
93.5 1714432
94 2038784
94.5 2409472
95 2780160
95.5 3150848
96 3521536
96.5 3892224
97 4262912
97.5 4633600
98 3706880
98.5 5189632
99 5560320
99.5 5931008
100 6301696
100.5 6672384
101 7043072
101.5 7413760
102 7784448
102.5 7413760
103 6023680
103.5 4494592
104 5004288
104.5 5374976
105 5745664
105.5 6116352
106 6487040
106.5 6857728
107 7228416
107.5 5977344
108 7552768
108.5 8247808
109 8618496
109.5 8989184
110 9313536
110.5 9637888
111 10008576
111.5 10379264
112 10749952
112.5 9128192
113 10564608
113.5 11769344
114 12140032
114.5 12510720
115 12881408
115.5 13252096
116 13622784
116.5 13993472
117 14086144
117.5 12186368
118 14132480
118.5 11444992
119 8062464
119.5 8525824
120 8896512
120.5 9267200
121 9637888
121.5 10008576
122 9220864
122.5 9359872
123 10842624
123.5 11398656
124 11769344
124.5 12140032
125 12510720
125.5 12881408
126 13252096
126.5 13622784
127 11908352
127.5 13020416
128 14456832
128.5 15012864
129 15383552
129.5 15754240
130 16124928
130.5 16495616
131 16866304
131.5 16819968
132 15012864
132.5 16634624
133 18024704
133.5 18534400
134 18905088
134.5 19275776
135 19646464
135.5 20017152
136 17793024
136.5 9545216
137 9220864
137.5 11305984
138 11630336
138.5 12047360
139 12418048
139.5 12788736
140 13159424
140.5 13530112
141 13900800
141.5 12418048
142 12835072
142.5 14920192
143 15244544
143.5 15661568
144 16032256
144.5 16402944
145 16773632
145.5 17144320
146 17329664
146.5 15290880
147 16495616
147.5 18534400
148 18858752
148.5 19275776
149 19646464
149.5 20017152
150 20387840
150.5 20758528
151 20017152
151.5 18905088
152 20109824
152.5 22102272
153 22287616
153.5 22797312
154 23168000
154.5 23538688
155 23909376
155.5 24280064
156 22704640
156.5 15151872
157 12232704
157.5 13344768
158 13576448
158.5 14086144
159 14456832
159.5 14827520
160 15198208
160.5 15383552
161 13344768
161.5 15846912
162 15846912
162.5 16958976
163 17190656
163.5 17700352
164 18071040
164.5 18441728
165 18812416
165.5 18071040
166 17005312
166.5 19461120
167 19461120
167.5 20573184
168 20804864
168.5 21314560
169 21685248
169.5 22055936
170 22426624
170.5 20758528
171 20619520
171.5 23075328
172 23075328
172.5 24187392
173 24419072
173.5 24928768
174 25299456
174.5 25623808
175 25716480
175.5 23816704
176 24233728
176.5 26735872
177 26457856
177.5 27708928
178 27662592
178.5 28450304
179 28820992
179.5 29191680
180 18210048
180.5 12742400
181 14734848
181.5 16032256
182 16402944
182.5 16773632
183 17097984
183.5 17515008
184 17885696
184.5 18256384
185 17376000
185.5 16402944
186 18395392
186.5 19646464
187 20017152
187.5 20387840
188 20712192
188.5 21129216
189 21499904
189.5 21870592
190 20063488
190.5 20017152
191 22009600
191.5 23260672
192 23631360
192.5 24002048
193 24326400
193.5 24743424
194 25114112
194.5 24928768
195 23307008
195.5 23631360
196 25670144
196.5 26874880
197 27245568
197.5 27616256
198 27940608
198.5 28357632
199 28728320
199.5 27616256
200 26921216
200.5 27245568
201 29284352
201.5 30489088
202 30859776
202.5 31184128
203 31369472
203.5 31879168
204 32249856
204.5 30350080
205 30442752
205.5 30767104
206 32805888
206.5 34010624
207 17144320
207.5 17700352
208 17932032
208.5 18441728
209 18580736
209.5 16588288
210 19414784
210.5 18858752
211 19368448
211.5 20573184
212 20943872
212.5 21314560
213 21546240
213.5 22055936
214 21268224
214.5 20202496
215 23028992
215.5 22472960
216 22982656
216.5 24187392
217 24558080
217.5 24928768
218 25160448
218.5 25670144
219 23955712
219.5 23863040
220 26643200
220.5 26087168
221 26596864
221.5 27801600
222 28172288
222.5 28542976
223 28774656
223.5 28867328
224 27060224
224.5 27477248
225 30257408
225.5 29655040
226 30257408
226.5 31415808
227 31786496
227.5 32157184
228 32388864
228.5 31554816
229 30674432
229.5 31091456
230 33917952
230.5 33269248
231 33871616
231.5 35030016
232 35400704
232.5 35771392
233 36003072
233.5 34242304
234 34288640
234.5 34705664
235 37532160
235.5 36883456
236 37485824
236.5 38644224
237 39014912
237.5 34983680
238 20017152
238.5 20480512
239 19322112
239.5 18719744
240 21499904
240.5 20758528
241 22055936
241.5 22611968
242 22982656
242.5 23353344
243 23724032
243.5 24048384
244 22009600
244.5 22380288
245 25114112
245.5 24002048
246 25577472
246.5 26133504
247 26504192
247.5 26874880
248 27245568
248.5 27616256
249 25623808
249.5 25994496
250 28728320
250.5 26689536
251 29191680
251.5 29747712
252 30118400
252.5 30489088
253 30859776
253.5 31230464
254 29238016
254.5 29608704
255 31601152
255.5 30118400
256 32852224
256.5 33361920
257 33732608
257.5 34103296
258 34473984
258.5 34798336
259 32666880
259.5 33130240
260 34566656
260.5 33778944
261 36466432
261.5 36976128
262 37346816
262.5 37717504
263 38088192
263.5 37485824
264 36281088
264.5 36790784
265 38180864
265.5 37346816
266 40126976
266.5 40590336
267 40961024
267.5 41331712
268 41702400
268.5 40173312
269 39895296
269.5 40404992
270 41795072
270.5 40961024
271 43741184
271.5 44204544
272 44575232
272.5 44945920
273 45084928
273.5 20295168
274 20758528
274.5 23538688
275 24002048
275.5 23955712
276 24650752
276.5 25114112
277 25484800
277.5 25855488
278 25160448
278.5 24048384
279 24372736
279.5 27199232
280 27616256
280.5 27569920
281 28264960
281.5 28728320
282 29099008
282.5 29469696
283 27847936
283.5 27662592
284 27986944
284.5 30813440
285 31230464
285.5 31184128
286 31879168
286.5 32342528
287 32713216
287.5 32759552
288 30906112
288.5 31230464
289 31647488
289.5 34427648
290 34844672
290.5 34752000
291 35539712
291.5 35956736
292 36327424
292.5 35447040
293 34520320
293.5 34844672
294 35215360
294.5 38088192
295 38458880
295.5 38366208
296 39153920
296.5 39570944
297 39941632
297.5 38134528
298 38134528
298.5 38458880
299 38875904
299.5 41702400
300 42073088
300.5 41934080
301 42814464
301.5 43185152
302 43046144
302.5 41331712
303 41748736
303.5 42073088
304 42490112
304.5 45316608
305 45687296
305.5 45548288
306 46428672
306.5 46799360
307 45733632
307.5 44992256
308 45316608
308.5 45733632
309 46104320
309.5 48930816
310 49301504
310.5 48606464
311 49950208
311.5 50320896
312 49162496
312.5 48560128
313 48977152
313.5 49255168
314 49347840
314.5 26365184
315 26874880
315.5 25948160
316 27616256
316.5 27986944
317 26226176
317.5 26133504
318 27801600
318.5 29377024
319 29747712
319.5 30118400
320 30489088
320.5 29562368
321 31230464
321.5 31137792
322 29377024
322.5 29794048
323 31415808
323.5 32991232
324 33361920
324.5 33732608
325 34103296
325.5 33176576
326 34844672
326.5 33825280
327 32991232
327.5 33408256
328 35030016
328.5 36605440
329 36976128
329.5 37346816
330 37717504
330.5 36790784
331 38458880
331.5 36512768
332 36605440
332.5 37022464
333 38690560
333.5 40219648
334 40590336
334.5 40961024
335 41331712
335.5 40404992
336 41378048
336.5 39895296
337 40219648
337.5 40636672
338 42304768
338.5 43833856
339 44204544
339.5 44575232
340 44945920
340.5 44019200
341 44111872
341.5 43463168
342 43880192
342.5 44204544
343 45965312
343.5 47448064
344 47818752
344.5 48189440
345 48560128
345.5 47633408
346 46799360
346.5 47077376
347 47448064
347.5 47865088
348 49579520
348.5 51062272
349 51432960
349.5 51803648
350 52174336
350.5 50367232
351 50367232
351.5 50691584
352 51108608
352.5 51432960
353 53240064
353.5 54676480
354 55047168
354.5 55417856
355 55278848
355.5 53564416
356 53981440
356.5 54305792
357 54722816
357.5 55047168
358 56854272
358.5 58290688
359 58661376
359.5 59032064
360 57966336
360.5 57224960
361 57549312
361.5 27801600
362 30118400
362.5 31137792
363 31508480
363.5 31879168
364 32249856
364.5 32620544
365 32759552
365.5 30767104
366 31184128
366.5 31508480
367 33778944
367.5 34752000
368 35122688
368.5 35493376
369 35864064
369.5 36234752
370 35447040
370.5 34427648
371 34752000
371.5 35169024
372 37393152
372.5 38366208
373 38736896
373.5 39107584
374 39478272
374.5 39848960
375 38134528
375.5 38041856
376 38366208
376.5 38783232
377 41007360
377.5 41980416
378 42351104
378.5 42721792
379 43092480
379.5 43046144
380 41285376
380.5 41609728
381 42026752
381.5 42351104
382 44667904
382.5 45594624
383 45965312
383.5 46336000
384 46706688
384.5 45733632
385 44853248
385.5 45270272
386 45594624
386.5 46011648
387 48282112
387.5 49208832
388 49579520
388.5 49950208
389 50320896
389.5 48421120
390 48513792
390.5 48838144
391 49255168
391.5 49579520
392 51942656
392.5 52823040
393 53193728
393.5 53564416
394 53332736
394.5 51710976
395 52128000
395.5 52452352
396 52869376
396.5 53193728
397 55556864
397.5 56437248
398 56807936
398.5 57178624
399 56020224
399.5 55371520
400 55695872
400.5 56066560
401 56483584
401.5 56807936
402 59217408
402.5 60051456
403 60422144
403.5 60792832
404 58707712
404.5 58939392
405 59356416
405.5 59680768
406 60097792
406.5 60422144
407 62831616
407.5 63665664
408 64036352
408.5 63619328
409 62182912
409.5 62599936
410 62924288
410.5 63341312
411 63665664
411.5 64082688
412 66445824
412.5 67279872
413 67650560
413.5 66306816
414 65797120
414.5 66214144
415 66538496
415.5 40868352
416 32713216
416.5 33547264
417 35956736
417.5 36327424
418 36698112
418.5 37068800
419 37439488
419.5 37810176
420 35586048
420.5 36003072
421 36327424
421.5 37161472
422 39570944
422.5 39941632
423 40312320
423.5 40683008
424 41053696
424.5 40497664
425 39246592
425.5 39570944
426 39987968
426.5 40775680
427 43185152
427.5 43555840
428 43926528
428.5 44297216
429 44667904
429.5 43185152
430 42860800
430.5 43185152
431 43602176
431.5 44389888
432 46799360
432.5 47170048
433 47540736
433.5 47911424
434 48096768
434.5 46057984
435 46475008
435.5 46799360
436 47216384
436.5 48050432
437 50413568
437.5 50784256
438 51154944
438.5 51525632
439 50784256
439.5 49672192
440 50089216
440.5 50413568
441 50830592
441.5 51664640
442 54027776
442.5 54398464
443 54769152
443.5 55139840
444 53425408
444.5 53193728
445 53610752
445.5 53935104
446 54352128
446.5 55186176
447 57549312
447.5 57920000
448 58290688
448.5 58337024
449 56437248
449.5 56854272
450 57178624
450.5 57549312
451 57966336
451.5 58846720
452 61163520
452.5 61534208
453 61904896
453.5 60978176
454 60097792
454.5 60422144
455 60839168
455.5 61163520
456 61580544
456.5 62460928
457 64777728
457.5 65148416
458 65519104
458.5 63712000
459 63665664
459.5 64082688
460 64407040
460.5 64824064
461 65148416
461.5 66121472
462 68391936
462.5 68762624
463 68577280
463.5 66955520
464 67279872
464.5 67696896
465 68021248
465.5 68438272
466 68762624
466.5 69735680
467 72006144
467.5 72376832
468 71311104
468.5 70523392
469 70894080
469.5 71311104
470 71635456
470.5 72052480
471 72376832
471.5 73396224
472 75620352
472.5 75991040
473 73952256
473.5 74183936
474 74508288
474.5 74925312
475 75249664
475.5 75666688
476 75991040
476.5 77010432
477 79234560
477.5 68206592
478 38227200
478.5 38041856
479 38366208
479.5 38783232
480 40868352
480.5 41980416
481 42351104
481.5 42721792
482 43092480
482.5 43185152
483 41285376
483.5 41609728
484 42026752
484.5 42351104
485 44528896
485.5 45594624
486 45965312
486.5 46336000
487 46706688
487.5 45872640
488 44853248
488.5 45270272
489 45594624
489.5 46011648
490 48143104
490.5 49208832
491 49579520
491.5 49950208
492 50320896
492.5 48560128
493 48513792
493.5 48838144
494 49255168
494.5 49579520
495 51803648
495.5 52823040
496 53193728
496.5 53564416
497 53471744
497.5 51710976
498 52128000
498.5 52452352
499 52869376
499.5 53193728
500 55417856
500.5 56437248
501 56807936
501.5 57178624
502 56159232
502.5 55371520
503 55695872
503.5 56066560
504 56483584
504.5 56807936
505 59078400
505.5 60051456
506 60422144
506.5 60792832
507 58846720
507.5 58939392
508 59356416
508.5 59680768
509 60097792
509.5 60422144
510 62692608
510.5 63665664
511 64036352
511.5 63758336
512 62182912
512.5 62599936
513 62924288
513.5 63341312
514 63665664
514.5 64082688
515 66306816
515.5 67279872
516 67650560
516.5 66445824
517 65797120
517.5 66214144
518 66538496
518.5 66955520
519 67279872
519.5 67650560
520 69967360
520.5 70894080
521 71264768
521.5 69133312
522 69457664
522.5 69782016
523 70152704
523.5 70569728
524 70894080
524.5 71311104
525 73581568
525.5 74508288
526 73998592
526.5 72701184
527 73025536
527.5 73442560
528 73766912
528.5 74183936
529 74508288
529.5 74925312
530 77195776
530.5 78122496
531 76732416
531.5 76269056
532 76686080
532.5 77010432
533 77427456
533.5 77751808
534 78168832
534.5 78493184
535 80856320
535.5 81597696
536 79558912
536.5 79883264
537 80300288
537.5 80624640
538 81041664
538.5 81366016
539 81736704
539.5 82153728
540 84470528
540.5 84331520
541 83126784
541.5 83497472
542 83914496
542.5 84238848
543 84655872
543.5 84980224
544 85397248
544.5 85721600
545 88131072
545.5 86972672
546 86787328
546.5 87111680
547 87528704
547.5 87853056
548 88270080
548.5 88594432
549 78076160
549.5 46011648
550 46521344
550.5 46892032
551 47262720
551.5 47587072
552 45409280
552.5 45826304
553 46150656
553.5 46567680
554 47401728
554.5 49764864
555 50135552
555.5 50506240
556 50876928
556.5 50274560
557 49023488
557.5 49440512
558 49764864
558.5 50181888
559 51062272
559.5 53379072
560 53749760
560.5 54120448
561 54491136
561.5 52962048
562 52637696
562.5 53054720
563 53379072
563.5 53796096
564 54676480
564.5 56993280
565 57363968
565.5 57734656
566 57873664
566.5 55881216
567 56298240
567.5 56622592
568 57039616
568.5 57363968
569 58337024
569.5 60607488
570 60978176
570.5 61348864
571 60561152
571.5 59495424
572 59912448
572.5 60236800
573 60607488
573.5 61024512
574 61951232
574.5 64221696
575 64592384
575.5 64963072
576 63248640
576.5 63109632
577 63526656
577.5 63851008
578 64268032
578.5 64592384
579 65611776
579.5 67835904
580 68206592
580.5 68113920
581 66399488
581.5 66723840
582 67140864
582.5 67465216
583 67882240
583.5 68206592
584 69225984
584.5 71450112
585 71820800
585.5 70847744
586 69967360
586.5 70384384
587 70708736
587.5 71125760
588 71450112
588.5 71867136
589 72840192
589.5 75064320
590 75435008
590.5 73535232
591 73581568
591.5 73952256
592 74369280
592.5 74693632
593 75110656
593.5 75435008
594 76500736
594.5 78678528
595 78400512
595.5 76871424
596 77195776
596.5 77612800
597 77937152
597.5 78354176
598 78678528
598.5 79095552
599 80114944
599.5 82292736
600 81088000
600.5 80485632
601 80809984
601.5 81227008
602 81551360
602.5 81968384
603 82292736
603.5 82709760
604 83729152
604.5 85906944
605 83821824
605.5 84053504
606 84470528
606.5 84794880
607 85211904
607.5 85536256
608 85906944
608.5 86323968
609 87389696
609.5 88687104
610 87297024
610.5 87714048
611 88038400
611.5 88455424
612 88779776
612.5 89196800
613 89521152
613.5 89938176
614 91003904
614.5 91374592
615 90957568
615.5 91281920
616 91652608
616.5 91976960
617 92301312
617.5 92718336
618 93042688
618.5 93459712
619 94479104
619.5 94062080
620 94479104
620.5 94803456
621 95220480
621.5 95544832
622 95961856
622.5 96286208
623 96610560
623.5 96656896
624 58939392
624.5 115840
625 23168
625.5 46336
626 23168
626.5 46336
627 23168
627.5 46336
628 23168
628.5 46336
629 23168
629.5 46336
630 23168
630.5 46336
631 23168
631.5 46336
632 23168
632.5 46336
633 46336
633.5 23168
634 46336
634.5 23168
635 46336
635.5 23168
636 46336
636.5 23168
637 46336
637.5 23168
638 46336
638.5 23168
639 46336
639.5 23168
640 46336
640.5 23168
641 46336
641.5 23168
642 46336
642.5 23168
643 46336
643.5 46336
644 23168
644.5 46336
645 23168
645.5 46336
646 23168
646.5 46336
647 23168
647.5 46336
648 23168
648.5 46336
649 69504
649.5 69504
650 46336
650.5 23168
651 46336
651.5 23168
652 46336
652.5 23168
653 46336
653.5 23168
654 46336
654.5 23168
655 46336
655.5 23168
656 46336
656.5 23168
657 46336
657.5 23168
658 46336
658.5 23168
659 46336
659.5 23168
660 46336
660.5 46336
661 23168
661.5 46336
662 23168
662.5 46336
663 23168
663.5 46336
664 23168
664.5 46336
665 23168
665.5 46336
666 23168
666.5 46336
667 23168
667.5 46336
668 23168
668.5 46336
669 23168
669.5 46336
670 23168
670.5 46336
671 46336
671.5 23168
672 46336
672.5 23168
673 46336
673.5 23168
674 46336
674.5 23168
675 46336
675.5 69504
676 69504
676.5 46336
677 23168
677.5 46336
678 23168
678.5 46336
679 23168
679.5 46336
680 69504
680.5 23168
681 46336
681.5 69504
682 23168
682.5 92672
683 185344
683.5 278016
684 185344
684.5 185344
685 162176
685.5 46336
686 139008
686.5 185344
687 69504
687.5 23168
688 162176
688.5 231680
689 231680
689.5 69504
690 46336
690.5 23168
691 46336
691.5 23168
692 46336
692.5 23168
693 46336
693.5 23168
694 46336
694.5 46336
695 23168
695.5 46336
696 23168
696.5 46336
697 23168
697.5 46336
698 23168
698.5 46336
699 23168
699.5 46336
700 23168
700.5 46336
701 23168
701.5 46336
702 23168
702.5 46336
703 23168
703.5 46336
704 23168
704.5 46336
705 46336
705.5 23168
706 46336
706.5 23168
707 46336
707.5 23168
708 46336
708.5 23168
709 46336
709.5 23168
710 46336
710.5 23168
711 46336
711.5 23168
712 46336
712.5 115840
713 23168
713.5 46336
714 23168
714.5 46336
715 23168
715.5 46336
716 23168
716.5 46336
717 23168
717.5 46336
718 23168
718.5 46336
719 23168
719.5 46336
720 23168
720.5 46336
721 23168
721.5 46336
722 46336
722.5 23168
723 46336
723.5 23168
724 46336
724.5 23168
725 46336
725.5 23168
726 46336
726.5 23168
727 46336
727.5 23168
728 46336
728.5 23168
729 46336
729.5 23168
730 46336
730.5 23168
731 46336
731.5 115840
732 23168
732.5 46336
733 23168
733.5 46336
734 23168
734.5 46336
735 23168
735.5 46336
736 23168
736.5 46336
737 23168
737.5 46336
738 46336
738.5 23168
739 46336
739.5 23168
740 46336
740.5 23168
741 46336
741.5 23168
742 46336
742.5 23168
743 46336
743.5 23168
744 46336
744.5 23168
745 46336
745.5 23168
746 46336
746.5 23168
747 46336
747.5 23168
748 46336
748.5 46336
749 23168
749.5 46336
750 23168
750.5 46336
751 23168
751.5 46336
752 23168
752.5 46336
753 23168
753.5 46336
754 23168
754.5 46336
755 23168
755.5 46336
756 23168
756.5 46336
757 23168
757.5 46336
758 23168
758.5 115840
759 46336
759.5 23168
760 46336
760.5 23168
761 46336
761.5 23168
762 46336
762.5 69504
763 46336
763.5 23168
764 46336
764.5 69504
765 23168
765.5 162176
766 185344
766.5 162176
767 23168
767.5 46336
768 23168
768.5 46336
769 23168
769.5 46336
770 23168
770.5 46336
771 23168
771.5 46336
772 23168
772.5 46336
773 23168
773.5 46336
774 46336
774.5 23168
775 46336
775.5 23168
776 46336
776.5 23168
777 46336
777.5 23168
778 46336
778.5 23168
779 46336
779.5 23168
780 46336
780.5 23168
781 46336
781.5 23168
782 46336
782.5 23168
783 46336
783.5 23168
784 46336
784.5 46336
785 23168
785.5 46336
786 23168
786.5 46336
787 23168
787.5 46336
788 23168
788.5 46336
789 23168
789.5 46336
790 115840
790.5 23168
791 46336
791.5 23168
792 46336
792.5 23168
793 46336
793.5 23168
794 46336
794.5 23168
795 46336
795.5 23168
796 46336
796.5 23168
797 46336
797.5 23168
798 46336
798.5 23168
799 46336
799.5 23168
800 46336
800.5 46336
801 23168
801.5 46336
802 23168
802.5 46336
803 23168
803.5 46336
804 23168
804.5 46336
805 23168
805.5 46336
806 23168
806.5 46336
807 23168
807.5 46336
808 23168
808.5 46336
809 23168
809.5 46336
810 23168
810.5 46336
811 46336
811.5 23168
812 46336
812.5 23168
813 46336
813.5 92672
814 46336
814.5 23168
815 46336
815.5 23168
816 46336
816.5 23168
817 46336
817.5 46336
818 23168
818.5 46336
819 23168
819.5 46336
820 23168
820.5 46336
821 23168
821.5 46336
822 23168
822.5 46336
823 23168
823.5 46336
824 23168
824.5 46336
825 23168
825.5 46336
826 23168
826.5 46336
827 23168
827.5 46336
828 46336
828.5 23168
829 46336
829.5 23168
830 46336
830.5 23168
831 46336
831.5 23168
832 46336
832.5 23168
833 46336
833.5 23168
834 46336
834.5 23168
835 46336
835.5 23168
836 46336
836.5 23168
837 46336
837.5 23168
838 46336
838.5 46336
839 23168
839.5 46336
840 23168
840.5 115840
841 23168
841.5 46336
842 23168
842.5 46336
843 23168
843.5 46336
844 46336
844.5 69504
845 23168
845.5 46336
846 23168
846.5 69504
847 46336
847.5 115840
848 185344
848.5 185344
849 46336
849.5 23168
850 46336
850.5 23168
851 46336
851.5 23168
852 46336
852.5 46336
853 23168
853.5 46336
854 23168
854.5 46336
855 23168
855.5 46336
856 23168
856.5 46336
857 23168
857.5 46336
858 23168
858.5 46336
859 23168
859.5 46336
860 23168
860.5 46336
861 23168
861.5 46336
862 23168
862.5 46336
863 46336
863.5 23168
864 46336
864.5 23168
865 46336
865.5 23168
866 46336
866.5 23168
867 46336
867.5 23168
868 46336
868.5 23168
869 46336
869.5 23168
870 46336
870.5 23168
871 46336
871.5 23168
872 92672
872.5 69504
873 23168
873.5 46336
874 23168
874.5 46336
875 23168
875.5 46336
876 23168
876.5 46336
877 23168
877.5 46336
878 23168
878.5 46336
879 23168
879.5 46336
880 46336
880.5 23168
881 46336
881.5 23168
882 46336
882.5 23168
883 46336
883.5 23168
884 46336
884.5 23168
885 46336
885.5 23168
886 46336
886.5 23168
887 46336
887.5 23168
888 46336
888.5 23168
889 46336
889.5 23168
890 46336
890.5 46336
891 23168
891.5 46336
892 23168
892.5 46336
893 23168
893.5 46336
894 23168
894.5 46336
895 23168
895.5 46336
896 23168
896.5 46336
897 115840
897.5 23168
898 46336
898.5 23168
899 46336
899.5 23168
