0 2 -1
0.5 3 6
1 1 9
1.5 1 11
2 1 12
2.5 1 14
3 1 15
3.5 1 17
4 1 19
4.5 1 20
5 1 22
5.5 1 23
6 1 25
6.5 1 26
7 1 29
7.5 1 31
8 1 32
8.5 1 39
9 1 40
9.5 1 42
10 1 43
10.5 1 45
11 4 50
11.5 13 68
12 63 168
12.5 1 674
13 2 814
13.5 1 817
14 1 819
14.5 1 820
15 1 822
15.5 1 823
16 2 825
16.5 1 828
17 1 829
17.5 1 834
18 1 836
18.5 1 839
19 1 840
19.5 2 842
20 1 846
20.5 1 848
21 1 851
21.5 1 853
22 2 856
22.5 1 859
23 1 860
23.5 1 864
24 1 865
24.5 1 870
25 1 871
25.5 2 873
26 1 876
26.5 2 878
27 1 882
27.5 1 884
28 1 887
28.5 1 888
29 2 892
29.5 1 895
30 1 896
30.5 1 899
31 1 901
31.5 1 906
32 1 907
32.5 2 909
33 1 912
33.5 1 913
34 1 918
34.5 1 920
35 1 923
35.5 1 924
36 1 926
36.5 1 927
37 1 929
37.5 1 930
38 1 932
38.5 1 933
39 1 935
39.5 1 936
40 1 938
40.5 1 940
41 1 941
41.5 1 943
42 1 944
42.5 1 946
43 1 947
43.5 1 949
44 1 950
44.5 1 952
45 1 953
45.5 1 955
46 1 956
46.5 1 958
47 1 959
47.5 1 961
48 1 962
48.5 1 964
49 1 965
49.5 1 967
50 1 968
50.5 1 970
51 1 972
51.5 1 973
52 1 975
52.5 1 976
53 1 978
53.5 1 979
54 1 984
54.5 1 985
55 1 987
55.5 1 988
56 1 990
56.5 1 991
57 1 993
57.5 1 995
58 1 996
58.5 1 998
59 1 999
59.5 1 1001
60 1 1002
60.5 1 1004
61 1 1005
61.5 1 1007
62 1 1008
62.5 1 1010
63 1 1011
63.5 1 1013
64 1 1014
64.5 1 1016
65 1 1017
65.5 1 1019
66 1 1020
66.5 1 1022
67 1 1023
67.5 1 1025
68 1 1027
68.5 1 1028
69 1 1030
69.5 1 1031
70 1 1033
70.5 1 1034
71 1 1036
71.5 1 1037
72 1 1039
72.5 1 1040
73 1 1042
73.5 1 1043
74 1 1045
74.5 1 1050
75 1 1051
75.5 1 1053
76 1 1054
76.5 1 1056
77 1 1057
77.5 1 1059
78 1 1060
78.5 2 1062
79 1 1065
79.5 1 1066
80 1 1068
80.5 1 1071
81 1 1073
81.5 2 1076
82 3 1084
82.5 1 1090
83 1 1092
83.5 3 1095
84 2 1103
84.5 1 1107
85 1 1109
85.5 2 1114
86 3 1122
86.5 3 1132
87 4 1140
87.5 1 1150
88 1 1152
88.5 2 1157
89 1 1163
89.5 1 1165
90 1 1166
90.5 4 1173
91 4 1193
91.5 7 1211
92 11 1243
92.5 15 1291
93 18 1337
93.5 21 1411
94 25 1499
94.5 29 1603
95 33 1723
95.5 37 1859
96 41 2011
96.5 45 2179
97 49 2363
97.5 53 2563
98 55 2723
98.5 59 2947
99 63 3187
99.5 67 3443
100 71 3715
100.5 75 4003
101 79 4307
101.5 83 4627
102 87 4963
102.5 91 5283
103 46 5543
103.5 53 5737
104 57 5953
104.5 61 6185
105 65 6433
105.5 69 6697
106 73 6977
106.5 77 7273
107 81 7585
107.5 84 7843
108 88 8169
108.5 92 8525
109 96 8897
109.5 100 9285
110 103 9687
110.5 107 10103
111 111 10535
111.5 115 10983
112 119 11447
112.5 123 11841
113 126 12297
113.5 130 12805
114 134 13329
114.5 138 13869
115 142 14425
115.5 146 14997
116 150 15585
116.5 154 16189
117 158 16797
117.5 161 17323
118 165 17933
118.5 83 18427
119 91 18775
119.5 95 19143
120 99 19527
120.5 103 19927
121 107 20343
121.5 111 20775
122 114 21173
122.5 118 21577
123 122 22045
123.5 126 22537
124 130 23045
124.5 134 23569
125 138 24109
125.5 142 24665
126 146 25237
126.5 150 25825
127 153 26339
127.5 157 26901
128 161 27525
128.5 165 28173
129 169 28837
129.5 173 29517
130 177 30213
130.5 181 30925
131 185 31653
131.5 188 32379
132 192 33027
132.5 196 33745
133 199 34523
133.5 203 35323
134 207 36139
134.5 211 36971
135 215 37819
135.5 219 38683
136 111 39451
136.5 118 39863
137 121 40261
137.5 125 40749
138 129 41251
138.5 133 41771
139 137 42307
139.5 141 42859
140 145 43427
140.5 149 44011
141 153 44611
141.5 156 45147
142 160 45701
142.5 164 46345
143 168 47003
143.5 172 47679
144 176 48371
144.5 180 49079
145 184 49803
145.5 188 50543
146 192 51291
146.5 195 51951
147 199 52663
147.5 203 53463
148 207 54277
148.5 211 55109
149 215 55957
149.5 219 56821
150 223 57701
150.5 227 58597
151 230 59461
151.5 234 60277
152 238 61145
152.5 241 62099
153 245 63061
153.5 249 64045
154 253 65045
154.5 257 66061
155 261 67093
155.5 265 68141
156 269 69121
156.5 138 69775
157 143 70303
157.5 147 70879
158 151 71465
158.5 155 72073
159 159 72697
159.5 163 73337
160 167 73993
160.5 171 74657
161 174 75233
161.5 178 75917
162 182 76601
162.5 186 77333
163 190 78075
163.5 194 78839
164 198 79619
164.5 202 80415
165 206 81227
165.5 209 82007
166 213 82741
166.5 217 83581
167 221 84421
167.5 225 85309
168 229 86207
168.5 233 87127
169 237 88063
169.5 241 89015
170 245 89983
170.5 248 90879
171 252 91769
171.5 256 92765
172 260 93761
172.5 264 94805
173 268 95859
173.5 272 96935
174 276 98027
174.5 279 99133
175 283 100243
175.5 287 101271
176 291 102317
176.5 295 103471
177 298 104613
177.5 302 105809
178 306 107003
178.5 310 108231
179 314 109475
179.5 318 110735
180 165 111521
180.5 168 112071
181 172 112707
181.5 176 113399
182 180 114107
182.5 184 114831
183 188 115569
183.5 192 116325
184 196 117097
184.5 200 117885
185 204 118635
185.5 207 119343
186 211 120137
186.5 215 120985
187 219 121849
187.5 223 122729
188 227 123623
188.5 231 124535
189 235 125463
189.5 239 126407
190 242 127273
190.5 246 128137
191 250 129087
191.5 254 130091
192 258 131111
192.5 262 132147
193 266 133197
193.5 270 134265
194 274 135349
194.5 278 136425
195 281 137431
195.5 285 138451
196 289 139559
196.5 293 140719
197 297 141895
197.5 301 143087
198 305 144293
198.5 309 145517
199 313 146757
199.5 316 147949
200 320 149111
200.5 324 150287
201 328 151551
201.5 332 152867
202 336 154199
202.5 339 155545
203 343 156899
203.5 347 158275
204 351 159667
204.5 355 160977
205 359 162291
205.5 362 163619
206 366 165035
206.5 185 166503
207 190 167243
207.5 194 168007
208 198 168781
208.5 202 169577
209 206 170379
209.5 209 171095
210 213 171933
210.5 217 172747
211 221 173583
211.5 225 174471
212 229 175375
212.5 233 176295
213 237 177225
213.5 241 178177
214 245 179095
214.5 248 179967
215 252 180961
215.5 256 181931
216 260 182923
216.5 264 183967
217 268 185027
217.5 272 186103
218 276 187189
218.5 280 188297
219 283 189331
219.5 287 190361
220 291 191511
220.5 295 192637
221 299 193785
221.5 303 194985
222 307 196201
222.5 311 197433
223 315 198675
223.5 319 199921
224 322 201089
224.5 326 202275
225 330 203581
225.5 334 204861
226 338 206167
226.5 342 207523
227 346 208895
227.5 350 210283
228 354 211681
228.5 357 213043
229 361 214367
229.5 365 215709
230 369 217173
230.5 373 218609
231 377 220071
231.5 381 221583
232 385 223111
232.5 389 224655
233 393 226209
233.5 396 227687
234 400 229167
234.5 404 230665
235 408 232285
235.5 412 233877
236 416 235495
236.5 420 237163
237 424 238847
237.5 214 240357
238 220 241221
238.5 224 242105
239 227 242939
239.5 231 243747
240 235 244675
240.5 239 245571
241 243 246523
241.5 247 247499
242 251 248491
242.5 255 249499
243 259 250523
243.5 262 251561
244 266 252511
244.5 270 253477
245 274 254561
245.5 277 255597
246 281 256701
246.5 285 257829
247 289 258973
247.5 293 260133
248 297 261309
248.5 301 262501
249 305 263607
249.5 309 264729
250 313 265969
250.5 316 267121
251 320 268381
251.5 324 269665
252 328 270965
252.5 332 272281
253 336 273613
253.5 340 274961
254 344 276223
254.5 348 277501
255 351 278865
255.5 355 280165
256 359 281583
256.5 363 283023
257 367 284479
257.5 371 285951
258 375 287439
258.5 379 288941
259 383 290351
259.5 386 291781
260 390 293273
260.5 394 294731
261 398 296305
261.5 402 297901
262 406 299513
262.5 410 301141
263 414 302785
263.5 418 304403
264 422 305969
264.5 425 307557
265 429 309205
265.5 433 310817
266 437 312549
266.5 441 314301
267 445 316069
267.5 449 317853
268 453 319653
268.5 457 321387
269 460 323109
269.5 464 324853
270 468 326657
270.5 472 328425
271 476 330313
271.5 480 332221
272 484 334145
272.5 488 336085
273 245 338031
273.5 251 338907
274 254 339803
274.5 258 340819
275 262 341855
275.5 266 342889
276 270 343953
276.5 274 345037
277 278 346137
277.5 282 347253
278 286 348339
278.5 289 349377
279 293 350429
279.5 297 351603
280 301 352795
280.5 305 353985
281 309 355205
281.5 313 356445
282 317 357701
282.5 321 358973
283 325 360175
283.5 328 361369
284 332 362577
284.5 336 363907
285 340 365255
285.5 344 366601
286 348 367977
286.5 352 369373
287 356 370785
287.5 360 372199
288 363 373533
288.5 367 374881
289 371 376247
289.5 375 377733
290 379 379237
290.5 383 380737
291 387 382271
291.5 391 383823
292 395 385391
292.5 399 386921
293 402 388411
293.5 406 389915
294 410 391435
294.5 414 393079
295 418 394739
295.5 422 396395
296 426 398085
296.5 430 399793
297 434 401517
297.5 437 403163
298 441 404809
298.5 445 406469
299 449 408147
299.5 453 409947
300 457 411763
300.5 461 413573
301 465 415421
301.5 469 417285
302 472 419143
302.5 476 420927
303 480 422729
303.5 484 424545
304 488 426379
304.5 492 428335
305 496 430307
305.5 500 432273
306 504 434277
306.5 508 436297
307 511 438271
307.5 515 440213
308 519 442169
308.5 523 444143
309 527 446133
309.5 531 448245
310 535 450373
310.5 538 452471
311 542 454627
311.5 546 456799
312 550 458921
312.5 554 461017
313 558 463131
313.5 562 465257
314 283 467387
314.5 289 468525
315 293 469685
315.5 297 470805
316 301 471997
316.5 305 473205
317 309 474337
317.5 312 475465
318 316 476665
318.5 320 477933
319 324 479217
319.5 328 480517
320 332 481833
320.5 336 483109
321 340 484457
321.5 344 485801
322 348 487069
322.5 351 488355
323 355 489711
323.5 359 491135
324 363 492575
324.5 367 494031
325 371 495503
325.5 375 496935
326 379 498439
326.5 383 499899
327 386 501323
327.5 390 502765
328 394 504277
328.5 398 505857
329 402 507453
329.5 406 509065
330 410 510693
330.5 414 512281
331 418 513941
331.5 422 515517
332 425 517097
332.5 429 518695
333 433 520365
333.5 437 522101
334 441 523853
334.5 445 525621
335 449 527405
335.5 453 529149
336 457 530935
336.5 460 532657
337 464 534393
337.5 468 536147
338 472 537973
338.5 476 539865
339 480 541773
339.5 484 543697
340 488 545637
340.5 492 547537
341 496 549441
341.5 499 551317
342 503 553211
342.5 507 555119
343 511 557103
343.5 515 559151
344 519 561215
344.5 523 563295
345 527 565391
345.5 531 567447
346 534 569467
346.5 538 571499
347 542 573547
347.5 546 575613
348 550 577753
348.5 554 579957
349 558 582177
349.5 562 584413
350 566 586665
350.5 570 588839
351 573 591013
351.5 577 593201
352 581 595407
352.5 585 597627
353 589 599925
353.5 593 602285
354 597 604661
354.5 601 607053
355 605 609439
355.5 608 611751
356 612 614081
356.5 616 616425
357 620 618787
357.5 624 621163
358 628 623617
358.5 632 626133
359 636 628665
359.5 640 631213
360 644 633715
360.5 647 636185
361 326 638669
361.5 331 639869
362 335 641169
362.5 339 642513
363 343 643873
363.5 347 645249
364 351 646641
364.5 355 648049
365 359 649463
365.5 363 650791
366 367 652137
366.5 370 653497
367 374 654955
367.5 378 656455
368 382 657971
368.5 386 659503
369 390 661051
369.5 394 662615
370 398 664145
370.5 402 665631
371 405 667131
371.5 409 668649
372 413 670263
372.5 417 671919
373 421 673591
373.5 425 675279
374 429 676983
374.5 433 678703
375 437 680349
375.5 441 681991
376 444 683647
376.5 448 685321
377 452 687091
377.5 456 688903
378 460 690731
378.5 464 692575
379 468 694435
379.5 472 696293
380 476 698075
380.5 479 699871
381 483 701685
381.5 487 703513
382 491 705441
382.5 495 707409
383 499 709393
383.5 503 711393
384 507 713409
384.5 511 715383
385 515 717319
385.5 518 719273
386 522 721241
386.5 526 723227
387 530 725311
387.5 534 727435
388 538 729575
388.5 542 731731
389 546 733903
389.5 550 735993
390 553 738087
390.5 557 740195
391 561 742321
391.5 565 744461
392 569 746703
392.5 573 748983
393 577 751279
393.5 581 753591
394 585 755893
394.5 589 758125
395 592 760375
395.5 596 762639
396 600 764921
396.5 604 767217
397 608 769615
397.5 612 772051
398 616 774503
398.5 620 776971
399 624 779389
399.5 627 781779
400 631 784183
400.5 635 786603
401 639 789041
401.5 643 791493
402 647 794049
402.5 651 796641
403 655 799249
403.5 659 801873
404 663 804407
404.5 666 806951
405 670 809513
405.5 674 812089
406 678 814683
406.5 682 817291
407 686 820003
407.5 690 822751
408 694 825515
408.5 698 828261
409 701 830945
409.5 705 833647
410 709 836363
410.5 713 839097
411 717 841845
411.5 721 844611
412 725 847479
412.5 729 850383
413 733 853303
413.5 737 856165
414 740 859005
414.5 744 861863
415 748 864735
415.5 379 866499
416 383 867911
416.5 387 869359
417 391 870911
417.5 395 872479
418 399 874063
418.5 403 875663
419 407 877279
419.5 411 878911
420 414 880447
420.5 418 882001
421 422 883569
421.5 426 885173
422 430 886881
422.5 434 888605
423 438 890345
423.5 442 892101
424 446 893873
424.5 450 895621
425 453 897315
425.5 457 899023
426 461 900749
426.5 465 902509
427 469 904373
427.5 473 906253
428 477 908149
428.5 481 910061
429 485 911989
429.5 488 913853
430 492 915703
430.5 496 917567
431 500 919449
431.5 504 921365
432 508 923385
432.5 512 925421
433 516 927473
433.5 520 929541
434 524 931617
434.5 527 933605
435 531 935611
435.5 535 937631
436 539 939669
436.5 543 941743
437 547 943919
437.5 551 946111
438 555 948319
438.5 559 950543
439 562 952735
439.5 566 954879
440 570 957041
440.5 574 959217
441 578 961411
441.5 582 963641
442 586 965973
442.5 590 968321
443 594 970685
443.5 597 973065
444 601 975371
444.5 605 977667
445 609 979981
445.5 613 982309
446 617 984655
446.5 620 987037
447 624 989521
447.5 628 992021
448 632 994537
448.5 636 997055
449 640 999491
449.5 644 1001945
450 648 1004413
450.5 652 1006897
451 655 1009399
451.5 659 1011939
452 663 1014579
452.5 667 1017235
453 671 1019907
453.5 675 1022539
454 679 1025133
454.5 683 1027741
455 687 1030367
455.5 691 1033007
456 694 1035665
456.5 698 1038361
457 702 1041157
457.5 706 1043969
458 710 1046797
458.5 714 1049547
459 718 1052295
459.5 722 1055061
460 726 1057841
460.5 729 1060639
461 733 1063451
461.5 737 1066305
462 741 1069257
462.5 745 1072225
463 749 1075185
463.5 753 1078075
464 757 1080979
464.5 761 1083901
465 765 1086837
465.5 768 1089791
466 772 1092759
466.5 776 1095769
467 780 1098877
467.5 784 1102001
468 788 1105079
468.5 792 1108123
469 796 1111183
469.5 800 1114261
470 803 1117353
470.5 807 1120463
471 811 1123587
471.5 815 1126755
472 819 1130019
472.5 823 1133299
473 827 1136491
473.5 831 1139693
474 835 1142909
474.5 839 1146143
475 842 1149391
475.5 846 1152657
476 850 1155937
476.5 854 1159261
477 858 1162681
477.5 430 1165625
478 437 1167275
478.5 441 1168917
479 445 1170573
479.5 448 1172247
480 452 1174011
480.5 456 1175823
481 460 1177651
481.5 464 1179495
482 468 1181355
482.5 472 1183219
483 476 1185001
483.5 480 1186797
484 484 1188611
484.5 487 1190439
485 491 1192361
485.5 495 1194329
486 499 1196313
486.5 503 1198313
487 507 1200329
487.5 511 1202309
488 515 1204245
488.5 519 1206199
489 522 1208167
489.5 526 1210153
490 530 1212231
490.5 534 1214355
491 538 1216495
491.5 542 1218651
492 546 1220823
492.5 550 1222919
493 554 1225013
493.5 558 1227121
494 561 1229247
494.5 565 1231387
495 569 1233623
495.5 573 1235903
496 577 1238199
496.5 581 1240511
497 585 1242819
497.5 589 1245051
498 593 1247301
498.5 596 1249565
499 600 1251847
499.5 604 1254143
500 608 1256535
500.5 612 1258971
501 616 1261423
501.5 620 1263891
502 624 1266315
502.5 628 1268705
503 632 1271109
503.5 635 1273529
504 639 1275967
504.5 643 1278419
505 647 1280969
505.5 651 1283561
506 655 1286169
506.5 659 1288793
507 663 1291333
507.5 667 1293877
508 670 1296439
508.5 674 1299015
509 678 1301609
509.5 682 1304217
510 686 1306923
510.5 690 1309671
511 694 1312435
511.5 698 1315187
512 702 1317871
512.5 706 1320573
513 709 1323289
513.5 713 1326023
514 717 1328771
514.5 721 1331537
515 725 1334399
515.5 729 1337303
516 733 1340223
516.5 737 1343091
517 741 1345931
517.5 744 1348789
518 748 1351661
518.5 752 1354551
519 756 1357455
519.5 760 1360375
520 764 1363395
520.5 768 1366455
521 772 1369531
521.5 776 1372515
522 780 1375513
522.5 783 1378525
523 787 1381553
523.5 791 1384599
524 795 1387659
524.5 799 1390737
525 803 1393913
525.5 807 1397129
526 811 1400323
526.5 815 1403461
527 818 1406613
527.5 822 1409783
528 826 1412967
528.5 830 1416169
529 834 1419385
529.5 838 1422619
530 842 1425951
530.5 846 1429323
531 850 1432635
531.5 853 1435927
532 857 1439237
532.5 861 1442561
533 865 1445903
533.5 869 1449259
534 873 1452633
534.5 877 1456021
535 881 1459511
535.5 885 1463033
536 889 1466467
536.5 892 1469915
537 896 1473381
537.5 900 1476861
538 904 1480359
538.5 908 1483871
539 912 1487399
539.5 916 1490945
540 920 1494591
540.5 924 1498231
541 927 1501819
541.5 931 1505423
542 935 1509045
542.5 939 1512681
543 943 1516335
543.5 947 1520003
544 951 1523689
544.5 955 1527389
545 959 1531193
545.5 963 1534947
546 966 1538693
546.5 970 1542453
547 974 1546231
547.5 978 1550023
548 982 1553833
548.5 986 1557657
549 495 1561027
549.5 501 1563013
550 505 1565021
550.5 509 1567045
551 513 1569085
551.5 517 1571139
552 521 1573099
552.5 525 1575077
553 528 1577069
553.5 532 1579079
554 536 1581125
554.5 540 1583273
555 544 1585437
555.5 548 1587617
556 552 1589813
556.5 556 1591983
557 560 1594099
557.5 563 1596233
558 567 1598381
558.5 571 1600547
559 575 1602751
559.5 579 1605055
560 583 1607375
560.5 587 1609711
561 591 1612063
561.5 595 1614349
562 599 1616621
562.5 602 1618911
563 606 1621215
563.5 610 1623537
564 614 1625897
564.5 618 1628357
565 622 1630833
565.5 626 1633325
566 630 1635823
566.5 634 1638235
567 637 1640665
567.5 641 1643109
568 645 1645571
568.5 649 1648047
569 653 1650565
569.5 657 1653181
570 661 1655813
570.5 665 1658461
571 669 1661075
571.5 673 1663643
572 676 1666229
572.5 680 1668829
573 684 1671445
573.5 688 1674079
574 692 1676753
574.5 696 1679525
575 700 1682313
575.5 704 1685117
576 708 1687847
576.5 711 1690571
577 715 1693313
577.5 719 1696069
578 723 1698843
578.5 727 1701631
579 731 1704463
579.5 735 1707391
580 739 1710335
580.5 743 1713275
581 747 1716141
581.5 750 1719021
582 754 1721919
582.5 758 1724831
583 762 1727761
583.5 766 1730705
584 770 1733693
584.5 774 1736777
585 778 1739877
585.5 782 1742935
586 785 1745955
586.5 789 1748993
587 793 1752045
587.5 797 1755115
588 801 1758199
588.5 805 1761301
589 809 1764445
589.5 813 1767685
590 817 1770941
590.5 821 1774115
591 824 1777291
591.5 828 1780483
592 832 1783693
592.5 836 1786917
593 840 1790159
593.5 844 1793415
594 848 1796717
594.5 852 1800113
595 856 1803497
595.5 859 1806815
596 863 1810147
596.5 867 1813497
597 871 1816861
597.5 875 1820243
598 879 1823639
598.5 883 1827053
599 887 1830511
599.5 891 1834063
600 894 1837563
600.5 898 1841037
601 902 1844525
601.5 906 1848031
602 910 1851551
602.5 914 1855089
603 918 1858641
603.5 922 1862211
604 926 1865825
604.5 930 1869533
605 933 1873151
605.5 937 1876779
606 941 1880425
606.5 945 1884085
607 949 1887763
607.5 953 1891455
608 957 1895163
608.5 961 1898889
609 965 1902661
609.5 968 1906489
610 972 1910257
610.5 976 1914043
611 980 1917843
611.5 984 1921661
612 988 1925493
612.5 992 1929343
613 996 1933207
613.5 1000 1937089
614 1004 1941017
614.5 1007 1944961
615 1011 1948887
615.5 1015 1952827
616 1019 1956783
616.5 1023 1960753
617 1027 1964737
617.5 1031 1968739
618 1035 1972755
618.5 1039 1976789
619 1042 1980867
619.5 1046 1984927
620 1050 1989005
620.5 1054 1993097
621 1058 1997207
621.5 1062 2001331
622 1066 2005473
622.5 1070 2009629
623 1074 2013799
623.5 1077 2017971
624 1 2020515
624.5 1 2020520
625 1 2020521
625.5 1 2020523
626 1 2020524
626.5 1 2020526
627 1 2020527
627.5 1 2020529
628 1 2020530
628.5 1 2020532
629 1 2020533
629.5 1 2020535
630 1 2020536
630.5 1 2020538
631 1 2020539
631.5 1 2020541
632 1 2020542
632.5 1 2020544
633 1 2020546
633.5 1 2020547
634 1 2020549
634.5 1 2020550
635 1 2020552
635.5 1 2020553
636 1 2020555
636.5 1 2020556
637 1 2020558
637.5 1 2020559
638 1 2020561
638.5 1 2020562
639 1 2020564
639.5 1 2020565
640 1 2020567
640.5 1 2020568
641 1 2020570
641.5 1 2020571
642 1 2020573
642.5 1 2020574
643 1 2020576
643.5 1 2020578
644 1 2020579
644.5 1 2020581
645 1 2020582
645.5 1 2020584
646 1 2020585
646.5 1 2020587
647 1 2020588
647.5 1 2020590
648 1 2020591
648.5 1 2020593
649 2 2020596
649.5 1 2020599
650 1 2020601
650.5 1 2020602
651 1 2020604
651.5 1 2020605
652 1 2020607
652.5 1 2020608
653 1 2020610
653.5 1 2020611
654 1 2020613
654.5 1 2020614
655 1 2020616
655.5 1 2020617
656 1 2020619
656.5 1 2020620
657 1 2020622
657.5 1 2020623
658 1 2020625
658.5 1 2020626
659 1 2020628
659.5 1 2020629
660 1 2020631
660.5 1 2020633
661 1 2020634
661.5 1 2020636
662 1 2020637
662.5 1 2020639
663 1 2020640
663.5 1 2020642
664 1 2020643
664.5 1 2020645
665 1 2020646
665.5 1 2020648
666 1 2020649
666.5 1 2020651
667 1 2020652
667.5 1 2020654
668 1 2020655
668.5 1 2020657
669 1 2020658
669.5 1 2020660
670 1 2020661
670.5 1 2020663
671 1 2020665
671.5 1 2020666
672 1 2020668
672.5 1 2020669
673 1 2020671
673.5 1 2020672
674 1 2020674
674.5 1 2020675
675 1 2020677
675.5 2 2020680
676 1 2020683
676.5 1 2020685
677 1 2020686
677.5 1 2020688
678 1 2020689
678.5 1 2020691
679 1 2020692
679.5 2 2020694
680 1 2020697
680.5 1 2020698
681 1 2020700
681.5 1 2020703
682 1 2020704
682.5 2 2020708
683 3 2020716
683.5 3 2020728
684 3 2020736
684.5 6 2020744
685 1 2020751
685.5 2 2020753
686 3 2020759
686.5 2 2020767
687 1 2020770
687.5 1 2020771
688 4 2020778
688.5 3 2020788
689 3 2020798
689.5 1 2020801
690 1 2020803
690.5 1 2020804
691 1 2020806
691.5 1 2020807
692 1 2020809
692.5 1 2020810
693 1 2020812
693.5 1 2020813
694 1 2020815
694.5 1 2020817
695 1 2020818
695.5 1 2020820
696 1 2020821
696.5 1 2020823
697 1 2020824
697.5 1 2020826
698 1 2020827
698.5 1 2020829
699 1 2020830
699.5 1 2020832
700 1 2020833
700.5 1 2020835
701 1 2020836
701.5 1 2020838
702 1 2020839
702.5 1 2020841
703 1 2020842
703.5 1 2020844
704 1 2020845
704.5 1 2020847
705 1 2020849
705.5 1 2020850
706 1 2020852
706.5 1 2020853
707 1 2020855
707.5 1 2020856
708 1 2020858
708.5 1 2020859
709 1 2020861
709.5 1 2020862
710 1 2020864
710.5 1 2020865
711 1 2020867
711.5 1 2020868
712 2 2020870
712.5 1 2020875
713 1 2020876
713.5 1 2020878
714 1 2020879
714.5 1 2020881
715 1 2020882
715.5 1 2020884
716 1 2020885
716.5 1 2020887
717 1 2020888
717.5 1 2020890
718 1 2020891
718.5 1 2020893
719 1 2020894
719.5 1 2020896
720 1 2020897
720.5 1 2020899
721 1 2020900
721.5 1 2020902
722 1 2020904
722.5 1 2020905
723 1 2020907
723.5 1 2020908
724 1 2020910
724.5 1 2020911
725 1 2020913
725.5 1 2020914
726 1 2020916
726.5 1 2020917
727 1 2020919
727.5 1 2020920
728 1 2020922
728.5 1 2020923
729 1 2020925
729.5 1 2020926
730 1 2020928
730.5 1 2020929
731 1 2020931
731.5 1 2020936
732 1 2020937
732.5 1 2020939
733 1 2020940
733.5 1 2020942
734 1 2020943
734.5 1 2020945
735 1 2020946
735.5 1 2020948
736 1 2020949
736.5 1 2020951
737 1 2020952
737.5 1 2020954
738 1 2020956
738.5 1 2020957
739 1 2020959
739.5 1 2020960
740 1 2020962
740.5 1 2020963
741 1 2020965
741.5 1 2020966
742 1 2020968
742.5 1 2020969
743 1 2020971
743.5 1 2020972
744 1 2020974
744.5 1 2020975
745 1 2020977
745.5 1 2020978
746 1 2020980
746.5 1 2020981
747 1 2020983
747.5 1 2020984
748 1 2020986
748.5 1 2020988
749 1 2020989
749.5 1 2020991
750 1 2020992
750.5 1 2020994
751 1 2020995
751.5 1 2020997
752 1 2020998
752.5 1 2021000
753 1 2021001
753.5 1 2021003
754 1 2021004
754.5 1 2021006
755 1 2021007
755.5 1 2021009
756 1 2021010
756.5 1 2021012
757 1 2021013
757.5 1 2021015
758 1 2021016
758.5 1 2021021
759 1 2021023
759.5 1 2021024
760 1 2021026
760.5 1 2021027
761 1 2021029
761.5 1 2021030
762 1 2021032
762.5 1 2021035
763 1 2021037
763.5 1 2021038
764 2 2021040
764.5 1 2021043
765 1 2021044
765.5 2 2021051
766 4 2021059
766.5 1 2021066
767 1 2021067
767.5 1 2021069
768 1 2021070
768.5 1 2021072
769 1 2021073
769.5 1 2021075
770 1 2021076
770.5 1 2021078
771 1 2021079
771.5 1 2021081
772 1 2021082
772.5 1 2021084
773 1 2021085
773.5 1 2021087
774 1 2021089
774.5 1 2021090
775 1 2021092
775.5 1 2021093
776 1 2021095
776.5 1 2021096
777 1 2021098
777.5 1 2021099
778 1 2021101
778.5 1 2021102
779 1 2021104
779.5 1 2021105
780 1 2021107
780.5 1 2021108
781 1 2021110
781.5 1 2021111
782 1 2021113
782.5 1 2021114
783 1 2021116
783.5 1 2021117
784 1 2021119
784.5 1 2021121
785 1 2021122
785.5 1 2021124
786 1 2021125
786.5 1 2021127
787 1 2021128
787.5 1 2021130
788 1 2021131
788.5 1 2021133
789 1 2021134
789.5 2 2021136
790 1 2021141
790.5 1 2021142
791 1 2021144
791.5 1 2021145
792 1 2021147
792.5 1 2021148
793 1 2021150
793.5 1 2021151
794 1 2021153
794.5 1 2021154
795 1 2021156
795.5 1 2021157
796 1 2021159
796.5 1 2021160
797 1 2021162
797.5 1 2021163
798 1 2021165
798.5 1 2021166
799 1 2021168
799.5 1 2021169
800 1 2021171
800.5 1 2021173
801 1 2021174
801.5 1 2021176
802 1 2021177
802.5 1 2021179
803 1 2021180
803.5 1 2021182
804 1 2021183
804.5 1 2021185
805 1 2021186
805.5 1 2021188
806 1 2021189
806.5 1 2021191
807 1 2021192
807.5 1 2021194
808 1 2021195
808.5 1 2021197
809 1 2021198
809.5 1 2021200
810 1 2021201
810.5 1 2021203
811 1 2021205
811.5 1 2021206
812 1 2021208
812.5 1 2021209
813 2 2021211
813.5 1 2021215
814 1 2021217
814.5 1 2021218
815 1 2021220
815.5 1 2021221
816 1 2021223
816.5 1 2021224
817 1 2021226
817.5 1 2021228
818 1 2021229
818.5 1 2021231
819 1 2021232
819.5 1 2021234
820 1 2021235
820.5 1 2021237
821 1 2021238
821.5 1 2021240
822 1 2021241
822.5 1 2021243
823 1 2021244
823.5 1 2021246
824 1 2021247
824.5 1 2021249
825 1 2021250
825.5 1 2021252
826 1 2021253
826.5 1 2021255
827 1 2021256
827.5 1 2021258
828 1 2021260
828.5 1 2021261
829 1 2021263
829.5 1 2021264
830 1 2021266
830.5 1 2021267
831 1 2021269
831.5 1 2021270
832 1 2021272
832.5 1 2021273
833 1 2021275
833.5 1 2021276
834 1 2021278
834.5 1 2021279
835 1 2021281
835.5 1 2021282
836 1 2021284
836.5 1 2021285
837 1 2021287
837.5 1 2021288
838 1 2021290
838.5 1 2021292
839 1 2021293
839.5 1 2021295
840 1 2021296
840.5 1 2021301
841 1 2021302
841.5 1 2021304
842 1 2021305
842.5 1 2021307
843 1 2021308
843.5 1 2021310
844 1 2021312
844.5 1 2021315
845 1 2021316
845.5 1 2021318
846 1 2021319
846.5 1 2021322
847 1 2021324
847.5 2 2021329
848 3 2021337
848.5 1 2021345
849 1 2021347
849.5 1 2021348
850 1 2021350
850.5 1 2021351
851 1 2021353
851.5 1 2021354
852 1 2021356
852.5 1 2021358
853 1 2021359
853.5 1 2021361
854 1 2021362
854.5 1 2021364
855 1 2021365
855.5 1 2021367
856 1 2021368
856.5 1 2021370
857 1 2021371
857.5 1 2021373
858 1 2021374
858.5 1 2021376
859 1 2021377
859.5 1 2021379
860 1 2021380
860.5 1 2021382
861 1 2021383
861.5 1 2021385
862 1 2021386
862.5 1 2021388
863 1 2021390
863.5 1 2021391
864 1 2021393
864.5 1 2021394
865 1 2021396
865.5 1 2021397
866 1 2021399
866.5 1 2021400
867 1 2021402
867.5 1 2021403
868 1 2021405
868.5 1 2021406
869 1 2021408
869.5 1 2021409
870 1 2021411
870.5 1 2021412
871 1 2021414
871.5 1 2021415
872 2 2021419
872.5 1 2021422
873 1 2021423
873.5 1 2021425
874 1 2021426
874.5 1 2021428
875 1 2021429
875.5 1 2021431
876 1 2021432
876.5 1 2021434
877 1 2021435
877.5 1 2021437
878 1 2021438
878.5 1 2021440
879 1 2021441
879.5 1 2021443
880 1 2021445
880.5 1 2021446
881 1 2021448
881.5 1 2021449
882 1 2021451
882.5 1 2021452
883 1 2021454
883.5 1 2021455
884 1 2021457
884.5 1 2021458
885 1 2021460
885.5 1 2021461
886 1 2021463
886.5 1 2021464
887 1 2021466
887.5 1 2021467
888 1 2021469
888.5 1 2021470
889 1 2021472
889.5 1 2021473
890 1 2021475
890.5 1 2021477
891 1 2021478
891.5 1 2021480
892 1 2021481
892.5 1 2021483
893 1 2021484
893.5 1 2021486
894 1 2021487
894.5 1 2021489
895 1 2021490
895.5 1 2021492
896 1 2021493
896.5 2 2021495
897 1 2021500
897.5 1 2021501
898 1 2021503
898.5 1 2021504
899 1 2021506
899.5 1 2021507
