0 -23168
0.5 162176
1 1019392
1.5 5235968
2 26411520
2.5 54977664
3 47170048
3.5 47494400
4 48050432
4.5 50089216
5 54769152
5.5 63155968
6 69457664
6.5 81088000
7 92857344
7.5 96656896
8 78122496
8.5 60005120
9 61348864
9.5 62275584
10 65009408
10.5 70013696
11 77149440
11.5 84285184
12 94757120
12.5 96656896
13 77960320
13.5 59588096
14 60005120
14.5 61673216
15 64638720
15.5 69735680
16 76917760
16.5 84980224
17 94479104
17.5 96656896
18 95707008
18.5 96239872
19 96332544
19.5 96517888
20 96656896
20.5 96656896
21 96656896
21.5 96656896
22 96656896
22.5 68206592
23 122350208
23.5 94340096
24 94432768
24.5 94942464
25 96332544
25.5 96656896
26 96656896
26.5 96656896
27 96656896
27.5 72423168
28 117647104
28.5 94479104
29 95081472
29.5 95035136
30 96332544
30.5 96656896
31 96656896
31.5 96656896
32 96656896
32.5 95776512
33 94293760
33.5 94432768
34 94618112
34.5 95313152
35 96564224
35.5 96656896
36 96656896
36.5 96656896
37 96656896
37.5 95127808
38 94340096
38.5 94479104
39 94710784
39.5 95637504
40 96656896
40.5 96656896
41 96703232
41.5 96656896
42 96656896
42.5 94525440
43 94803456
43.5 94618112
44 94664448
44.5 95683840
45 96656896
45.5 96656896
46 96656896
46.5 96656896
47 90169856
47.5 101058816
48 94386432
48.5 94525440
49 94803456
49.5 96054528
50 96656896
50.5 96656896
51 96656896
51.5 96656896
52 75064320
52.5 115561984
53 94432768
53.5 94525440
54 95174144
54.5 96193536
55 96703232
55.5 96656896
56 96656896
56.5 96656896
57 72145152
57.5 118434816
58 94432768
58.5 94571776
59 95035136
59.5 96332544
60 96656896
60.5 96656896
61 96656896
61.5 96703232
62 72006144
62.5 118017792
63 94432768
63.5 94618112
64 95313152
64.5 96564224
65 96656896
65.5 96656896
66 96656896
66.5 96656896
67 95174144
67.5 94340096
68 94479104
68.5 95127808
69 95313152
69.5 96564224
70 96656896
70.5 96656896
71 96656896
71.5 96656896
72 95127808
72.5 94340096
73 94479104
73.5 94710784
74 95637504
74.5 96656896
75 96656896
75.5 96703232
76 96656896
76.5 96147200
77 95035136
77.5 94386432
78 94525440
78.5 94803456
79 96054528
79.5 96656896
80 96656896
80.5 96656896
81 96656896
81.5 80995328
82 109630976
82.5 94988800
83 94525440
83.5 94803456
84 96054528
84.5 96656896
85 96656896
85.5 96656896
86 96656896
86.5 68901632
87 121724672
87.5 94432768
88 94525440
88.5 95035136
89 96332544
89.5 96656896
90 96703232
90.5 96656896
91 96656896
91.5 73373056
92 116650880
92.5 94479104
93 94571776
93.5 95544832
94 96332544
94.5 96656896
95 96656896
95.5 96656896
96 96703232
96.5 95405824
97 94618112
97.5 94432768
98 94618112
98.5 95313152
99 96564224
99.5 96656896
100 96656896
100.5 96656896
101 96656896
101.5 95174144
102 94293760
102.5 94479104
103 94710784
103.5 95637504
104 96703232
104.5 96656896
105 96656896
105.5 96656896
106 96656896
106.5 94571776
107 94340096
107.5 94525440
108 95220480
108.5 95637504
109 96656896
109.5 96656896
110 96656896
110.5 96703232
111 86833664
111.5 104348672
112 94386432
112.5 94525440
113 94803456
113.5 96054528
114 96656896
114.5 96656896
115 96656896
115.5 96656896
116 71820800
116.5 118805504
117 94432768
117.5 94525440
118 95035136
118.5 96378880
119 96656896
119.5 96656896
120 96656896
120.5 96656896
121 73280384
121.5 116743552
122 95035136
122.5 94525440
123 95035136
123.5 96332544
124 96656896
124.5 96703232
125 96656896
125.5 96656896
126 95730176
126.5 94293760
127 94479104
127.5 94571776
128 95313152
128.5 96564224
129 96656896
129.5 96656896
130 96656896
130.5 96656896
131 95174144
131.5 94340096
132 94479104
132.5 94664448
133 95776512
133.5 96564224
134 96656896
134.5 96656896
135 96656896
135.5 96656896
136 95035136
136.5 94432768
137 94479104
137.5 94710784
138 95637504
138.5 96656896
139 96703232
139.5 96656896
140 96656896
140.5 92764672
141 98464000
141.5 94340096
142 94525440
142.5 94803456
143 96054528
143.5 96656896
144 96656896
144.5 96656896
145 96703232
145.5 77566464
146 113059840
146.5 94386432
147 94710784
147.5 95174144
148 96054528
148.5 96656896
149 96656896
149.5 96656896
150 96656896
150.5 71635456
151 118990848
151.5 94432768
152 94525440
152.5 95035136
153 96378880
153.5 96656896
154 96656896
154.5 96656896
155 96656896
155.5 73141376
156 116882560
156.5 94479104
157 94571776
157.5 95313152
158 96564224
158.5 96656896
159 96656896
159.5 96703232
160 96656896
160.5 95127808
161 94340096
161.5 95035136
162 94571776
162.5 95313152
163 96564224
163.5 96656896
164 96656896
164.5 96656896
165 96656896
165.5 95174144
166 94340096
166.5 94479104
167 94664448
167.5 95683840
168 96656896
168.5 96656896
169 96656896
169.5 96656896
170 96656896
170.5 94571776
171 94340096
171.5 94525440
172 94849792
172.5 96008192
173 96656896
173.5 96703232
174 96656896
174.5 96656896
175 83590144
175.5 107592192
176 94386432
176.5 94525440
177 94803456
177.5 96054528
178 96656896
178.5 96656896
179 96656896
179.5 96656896
180 68438272
180.5 122234368
181 94386432
181.5 94525440
182 95035136
182.5 96378880
183 96656896
183.5 96656896
184 96656896
184.5 96656896
185 72909696
185.5 117160576
186 94432768
186.5 94988800
187 95127808
187.5 96332544
188 96703232
188.5 96656896
189 96656896
189.5 96656896
190 95730176
190.5 94293760
191 94479104
191.5 94571776
192 95313152
192.5 96564224
193 96656896
193.5 96656896
194 96703232
194.5 96656896
195 95127808
195.5 94340096
196 94479104
196.5 94664448
197 95683840
197.5 96656896
198 96656896
198.5 96656896
199 96656896
199.5 96656896
200 94571776
200.5 94386432
201 95035136
201.5 94664448
202 95683840
202.5 96656896
203 96656896
203.5 96656896
204 96656896
204.5 89382144
205 101846528
205.5 94340096
206 94525440
206.5 94849792
207 96008192
207.5 96656896
208 96656896
208.5 96703232
209 96656896
209.5 74276608
210 116349696
210.5 94386432
211 94571776
211.5 95035136
212 96332544
212.5 96656896
213 96656896
213.5 96656896
214 96656896
214.5 72909696
215 117716608
215.5 94432768
216 94525440
216.5 95035136
217 96378880
217.5 96656896
218 96656896
218.5 96656896
219 96656896
219.5 72770688
220 117299584
220.5 94432768
221 94571776
221.5 95313152
222 96564224
222.5 96703232
223 96656896
223.5 96656896
224 96656896
224.5 95127808
225 94340096
225.5 94479104
226 95127808
226.5 95313152
227 96564224
227.5 96656896
228 96656896
228.5 96656896
229 96703232
229.5 95081472
230 94386432
230.5 94479104
231 94664448
231.5 95683840
232 96656896
232.5 96656896
233 96656896
233.5 96656896
234 95405824
234.5 95822848
235 94340096
235.5 94525440
236 94849792
236.5 96008192
237 96703232
237.5 96656896
238 96656896
238.5 96656896
239 80207616
239.5 110418688
240 94664448
240.5 94803456
241 94849792
241.5 96008192
242 96656896
242.5 96656896
243 96703232
243.5 96656896
244 69619840
244.5 121006464
245 94386432
245.5 94571776
246 95035136
246.5 96332544
247 96656896
247.5 96656896
248 96656896
248.5 96656896
249 72631680
249.5 117438592
250 94432768
250.5 94618112
251 95313152
251.5 96564224
252 96656896
252.5 96656896
253 96656896
253.5 96656896
254 95127808
254.5 94942464
255 94432768
255.5 94571776
256 95313152
256.5 96564224
257 96656896
257.5 96703232
258 96656896
258.5 96656896
259 95127808
259.5 94340096
260 94479104
260.5 94710784
261 95637504
261.5 96656896
262 96656896
262.5 96656896
263 96656896
263.5 96703232
264 94525440
264.5 94386432
265 94525440
265.5 95174144
266 95683840
266.5 96656896
267 96656896
267.5 96656896
268 96656896
268.5 86092288
269 105090048
269.5 94386432
270 94525440
270.5 94849792
271 96008192
271.5 96703232
272 96656896
272.5 96656896
273 96656896
273.5 71033088
274 119593216
274.5 94386432
275 94571776
275.5 95035136
276 96332544
276.5 96656896
277 96656896
277.5 96656896
278 96703232
278.5 72492672
279 117531264
279.5 94896128
280 94664448
280.5 95035136
281 96332544
281.5 96656896
282 96656896
282.5 96656896
283 96656896
283.5 95776512
284 94293760
284.5 94432768
285 94618112
285.5 95313152
286 96564224
286.5 96656896
287 96656896
287.5 96656896
288 96656896
288.5 95127808
289 94340096
289.5 94479104
290 94710784
290.5 95730176
291 96564224
291.5 96656896
292 96703232
292.5 96656896
293 96656896
293.5 94664448
294 94803456
294.5 94479104
295 94664448
295.5 95683840
296 96656896
296.5 96656896
297 96656896
297.5 96656896
298 92023296
298.5 99205376
299 94386432
299.5 94525440
300 94803456
300.5 96054528
301 96656896
301.5 96656896
302 96656896
302.5 96656896
303 76825088
303.5 113801216
304 94432768
304.5 94525440
305 95359488
305.5 96008192
306 96656896
306.5 96703232
307 96656896
307.5 96656896
308 72353664
308.5 118226304
309 94432768
309.5 94571776
310 95035136
310.5 96332544
311 96656896
311.5 96656896
312 96656896
312.5 96703232
313 72353664
313.5 117670272
314 94432768
314.5 94618112
315 95313152
315.5 96564224
316 96656896
316.5 96656896
317 96656896
317.5 96656896
318 95174144
318.5 94340096
319 94988800
319.5 94618112
320 95313152
320.5 96564224
321 96656896
321.5 96656896
322 96656896
322.5 96656896
323 95127808
323.5 94340096
324 94479104
324.5 94710784
325 95637504
325.5 96656896
326 96656896
326.5 96656896
327 96703232
327.5 96656896
328 94525440
328.5 94386432
329 94525440
329.5 94803456
330 96054528
330.5 96656896
331 96656896
331.5 96656896
332 96656896
332.5 82848768
333 108101888
333.5 94664448
334 94525440
334.5 94803456
335 96054528
335.5 96656896
336 96656896
336.5 96656896
337 96656896
337.5 67650560
338 122975744
338.5 94432768
339 94525440
339.5 95035136
340 96332544
340.5 96656896
341 96703232
341.5 96656896
342 96656896
342.5 72121984
343 117901952
343.5 94479104
344 94571776
344.5 95544832
345 96332544
345.5 96656896
346 96656896
346.5 96656896
347 96703232
347.5 95730176
348 94293760
348.5 94432768
349 94618112
349.5 95313152
350 96564224
350.5 96656896
351 96656896
351.5 96656896
352 96656896
352.5 95174144
353 94293760
353.5 94479104
354 94710784
354.5 95637504
355 96656896
355.5 96703232
356 96656896
356.5 96656896
357 96656896
357.5 94571776
358 94340096
358.5 95035136
359 94710784
359.5 95637504
360 96656896
360.5 96656896
361 96656896
361.5 96703232
362 88594432
362.5 102587904
363 94386432
363.5 94525440
364 94803456
364.5 96054528
365 96656896
365.5 96656896
366 96656896
366.5 96656896
367 73535232
367.5 117091072
368 94432768
368.5 94525440
369 95035136
369.5 96378880
370 96656896
370.5 96656896
371 96656896
371.5 96656896
372 72121984
372.5 118457984
373 94479104
373.5 94525440
374 95035136
374.5 96332544
375 96656896
375.5 96703232
376 96656896
376.5 96656896
377 73488896
377.5 116535040
378 94479104
378.5 94571776
379 95313152
379.5 96564224
380 96656896
380.5 96656896
381 96656896
381.5 96656896
382 95174144
382.5 94340096
383 94479104
383.5 94896128
384 95544832
384.5 96564224
385 96656896
385.5 96656896
386 96656896
386.5 96656896
387 95127808
387.5 94340096
388 94479104
388.5 94710784
389 95637504
389.5 96656896
390 96703232
390.5 96656896
391 96656896
391.5 94618112
392 96610560
392.5 94340096
393 94525440
393.5 94803456
394 96054528
394.5 96656896
395 96656896
395.5 96656896
396 96703232
396.5 79419904
397 111206400
397.5 94386432
398 95081472
398.5 94803456
399 96054528
399.5 96656896
400 96656896
400.5 96656896
401 96656896
401.5 70384384
402 120241920
402.5 94432768
403 94525440
403.5 95035136
404 96378880
404.5 96656896
405 96656896
405.5 96656896
406 96656896
406.5 73349888
407 116674048
407.5 94479104
408 94571776
408.5 95313152
409 96564224
409.5 96656896
410 96656896
410.5 96703232
411 96656896
411.5 95127808
412 94896128
412.5 94479104
413 94571776
413.5 95313152
414 96564224
414.5 96656896
415 96656896
415.5 96656896
416 96656896
416.5 95174144
417 94340096
417.5 94479104
418 94664448
418.5 95683840
419 96656896
419.5 96656896
420 96656896
420.5 96656896
421 96656896
421.5 94571776
422 94340096
422.5 94525440
423 95220480
423.5 95637504
424 96656896
424.5 96703232
425 96656896
425.5 96656896
426 85304576
426.5 105877760
427 94386432
427.5 94525440
428 94803456
428.5 96054528
429 96656896
429.5 96656896
430 96656896
430.5 96656896
431 70245376
431.5 120427264
432 94386432
432.5 94525440
433 95035136
433.5 96378880
434 96656896
434.5 96656896
435 96656896
435.5 96656896
436 73349888
436.5 116720384
437 94571776
437.5 94942464
438 95035136
438.5 96332544
439 96703232
439.5 96656896
440 96656896
440.5 96656896
441 95730176
441.5 94293760
442 94479104
442.5 94571776
443 95313152
443.5 96564224
444 96656896
444.5 96656896
445 96703232
445.5 96656896
446 95127808
446.5 94340096
447 94479104
447.5 94664448
448 95683840
448.5 96656896
449 96656896
449.5 96656896
450 96656896
450.5 96656896
451 94571776
451.5 94942464
452 94479104
452.5 94664448
453 95683840
453.5 96656896
454 96656896
454.5 96656896
455 96656896
455.5 91328256
456 99900416
456.5 94340096
457 94525440
457.5 94849792
458 96008192
458.5 96656896
459 96656896
459.5 96703232
460 96656896
460.5 76130048
461 114496256
461.5 94386432
462 94571776
462.5 95313152
463 96054528
463.5 96656896
464 96656896
464.5 96656896
465 96656896
465.5 73118208
466 117508096
466.5 94432768
467 94525440
467.5 95035136
468 96378880
468.5 96656896
469 96656896
469.5 96656896
470 96656896
470.5 73071872
471 116998400
471.5 94432768
472 94571776
472.5 95313152
473 96564224
473.5 96703232
474 96656896
474.5 96656896
475 96656896
475.5 95127808
476 94340096
476.5 94803456
477 94803456
477.5 95313152
478 96564224
478.5 96656896
479 96656896
479.5 96656896
480 96703232
480.5 95081472
481 94386432
481.5 94479104
482 94664448
482.5 95683840
483 96656896
483.5 96656896
484 96656896
484.5 96656896
485 96656896
485.5 94571776
486 94340096
486.5 94525440
487 94849792
487.5 96008192
488 96703232
488.5 96656896
489 96656896
489.5 96656896
490 82014720
490.5 108611584
491 94942464
491.5 94525440
492 94849792
492.5 96008192
493 96656896
493.5 96656896
494 96703232
494.5 96656896
495 66955520
495.5 123670784
496 94386432
496.5 94571776
497 95035136
497.5 96332544
498 96656896
498.5 96656896
499 96656896
499.5 96656896
500 72979200
500.5 117091072
501 94432768
501.5 94618112
502 95498496
502.5 96378880
503 96656896
503.5 96656896
504 96656896
504.5 96656896
505 95776512
505.5 94247424
506 94479104
506.5 94571776
507 95313152
507.5 96564224
508 96656896
508.5 96703232
509 96656896
509.5 96656896
510 95127808
510.5 94340096
511 94479104
511.5 94664448
512 95683840
512.5 96656896
513 96656896
513.5 96656896
514 96656896
514.5 96703232
515 94525440
515.5 94386432
516 95035136
516.5 94664448
517 95683840
517.5 96656896
518 96656896
518.5 96656896
519 96656896
519.5 87945728
520 103236608
520.5 94386432
521 94525440
521.5 94849792
522 96008192
522.5 96703232
523 96656896
523.5 96656896
524 96656896
524.5 72747520
525 117878784
525.5 94386432
526 94571776
526.5 95035136
527 96332544
527.5 96656896
528 96656896
528.5 96656896
529 96703232
529.5 72793856
530 117322752
530.5 94896128
531 94571776
531.5 95035136
532 96332544
532.5 96656896
533 96656896
533.5 96656896
534 96656896
534.5 72840192
535 117230080
535.5 94432768
536 94618112
536.5 95313152
537 96564224
537.5 96656896
538 96656896
538.5 96656896
539 96656896
539.5 95127808
540 94340096
540.5 94479104
541 94710784
541.5 95730176
542 96564224
542.5 96656896
543 96703232
543.5 96656896
544 96656896
544.5 95127808
545 94340096
545.5 94479104
546 94664448
546.5 95683840
547 96656896
547.5 96656896
548 96656896
548.5 96656896
549 93830400
549.5 97398272
550 94386432
550.5 94525440
551 94803456
551.5 96054528
552 96656896
552.5 96656896
553 96656896
553.5 96656896
554 78771200
554.5 111855104
555 94432768
555.5 95035136
556 94849792
556.5 96008192
557 96656896
557.5 96703232
558 96656896
558.5 96656896
559 71195264
559.5 119384704
560 94432768
560.5 94571776
561 95035136
561.5 96332544
562 96656896
562.5 96656896
563 96656896
563.5 96703232
564 72562176
564.5 117461760
565 94432768
565.5 94618112
566 95313152
566.5 96564224
567 96656896
567.5 96656896
568 96656896
568.5 96656896
569 95174144
569.5 94664448
570 94664448
570.5 94618112
571 95313152
571.5 96564224
572 96656896
572.5 96656896
573 96656896
573.5 96656896
574 95127808
574.5 94340096
575 94479104
575.5 94710784
576 95637504
576.5 96656896
577 96656896
577.5 96656896
578 96703232
578.5 96656896
579 94525440
579.5 94386432
580 94525440
580.5 94896128
581 95961856
581.5 96656896
582 96656896
582.5 96656896
583 96656896
583.5 84563200
584 106665472
584.5 94386432
585 94479104
585.5 94849792
586 96054528
586.5 96656896
587 96656896
587.5 96656896
588 96656896
588.5 69457664
589 121168640
589.5 94432768
590 94525440
590.5 95035136
591 96332544
591.5 96656896
592 96703232
592.5 96656896
593 96656896
593.5 72562176
594 117461760
594.5 94479104
595 95081472
595.5 95035136
596 96332544
596.5 96656896
597 96656896
597.5 96656896
598 96656896
598.5 95776512
599 94293760
599.5 94432768
600 94618112
600.5 95313152
601 96564224
601.5 96656896
602 96656896
602.5 96656896
603 96656896
603.5 95127808
604 94340096
604.5 94479104
605 94710784
605.5 95637504
606 96656896
606.5 96703232
607 96656896
607.5 96656896
608 96656896
608.5 94571776
609 94896128
609.5 94479104
610 94710784
610.5 95637504
611 96656896
611.5 96656896
612 96656896
612.5 96703232
613 90540544
613.5 100641792
614 94386432
614.5 94525440
615 94803456
615.5 96054528
616 96656896
616.5 96656896
617 96656896
617.5 96656896
618 75388672
618.5 115237632
619 94432768
619.5 94525440
620 95359488
620.5 96054528
621 96656896
621.5 96656896
622 96656896
622.5 96656896
623 72330496
623.5 118295808
624 94432768
624.5 94525440
625 95035136
625.5 96332544
626 96656896
626.5 96656896
627 96703232
627.5 96656896
628 72284160
628.5 117739776
629 94479104
629.5 94571776
630 95313152
630.5 96564224
631 96656896
631.5 96656896
632 96656896
632.5 96656896
633 95174144
633.5 94340096
634 94479104
634.5 95127808
635 95313152
635.5 96564224
636 96656896
636.5 96656896
637 96656896
637.5 96656896
638 95127808
638.5 94340096
639 94479104
639.5 94710784
640 95637504
640.5 96656896
641 96703232
641.5 96656896
642 96656896
642.5 96332544
643 94849792
643.5 94386432
644 94525440
644.5 94803456
645 96054528
645.5 96656896
646 96656896
646.5 96656896
647 96656896
647.5 81273344
648 109399296
648.5 94942464
649 94525440
649.5 94803456
650 96054528
650.5 96656896
651 96656896
651.5 96656896
652 96656896
652.5 67766400
653 122859904
653.5 94432768
654 94525440
654.5 95035136
655 96332544
655.5 96703232
656 96656896
656.5 96656896
657 96656896
657.5 72191488
658 117832448
658.5 94479104
659 94571776
659.5 95544832
660 96332544
660.5 96656896
661 96656896
661.5 96703232
662 96656896
662.5 95498496
663 94525440
663.5 94479104
664 94571776
664.5 95313152
665 96564224
665.5 96656896
666 96656896
666.5 96656896
667 96656896
667.5 95174144
668 94340096
668.5 94479104
669 94664448
669.5 95683840
670 96656896
670.5 96656896
671 96656896
671.5 96656896
672 96656896
672.5 94571776
673 94340096
673.5 94710784
674 95035136
674.5 95637504
675 96656896
675.5 96656896
676 96703232
676.5 96656896
677 87158016
677.5 104024320
678 94386432
678.5 94525440
679 94803456
679.5 96054528
680 96656896
680.5 96656896
681 96656896
681.5 96656896
682 72006144
682.5 118666496
683 94386432
683.5 94525440
684 95035136
684.5 96378880
685 96656896
685.5 96656896
686 96656896
686.5 96656896
687 72052480
687.5 118017792
688 94988800
688.5 94525440
689 95035136
689.5 96332544
690 96703232
690.5 96656896
691 96656896
691.5 96656896
692 72052480
692.5 117971456
693 94479104
693.5 94571776
694 95313152
694.5 96564224
695 96656896
695.5 96656896
696 96656896
696.5 96703232
697 95127808
697.5 94340096
698 94479104
698.5 94664448
699 95776512
699.5 96564224
700 96656896
700.5 96656896
701 96656896
701.5 96656896
702 95127808
702.5 94386432
703 94479104
703.5 94664448
704 95637504
704.5 96703232
705 96656896
705.5 96656896
706 96656896
706.5 93042688
707 98185984
707.5 94340096
708 94525440
708.5 94849792
709 96008192
709.5 96656896
710 96656896
710.5 96703232
711 96656896
711.5 77983488
712 112642816
712.5 94386432
713 94942464
713.5 94942464
714 96054528
714.5 96656896
715 96656896
715.5 96656896
716 96656896
716.5 71959808
717 118666496
717.5 94432768
718 94525440
718.5 95035136
719 96378880
719.5 96656896
720 96656896
720.5 96656896
721 96656896
721.5 73326720
722 116743552
722.5 94432768
723 94571776
723.5 95313152
724 96564224
724.5 96656896
725 96703232
725.5 96656896
726 96656896
726.5 95127808
727 94340096
727.5 95035136
728 94571776
728.5 95313152
729 96564224
729.5 96656896
730 96656896
730.5 96656896
731 96703232
731.5 95127808
732 94340096
732.5 94479104
733 94664448
733.5 95683840
734 96656896
734.5 96656896
735 96656896
735.5 96656896
736 96656896
736.5 94571776
737 94340096
737.5 94525440
738 94849792
738.5 96008192
739 96703232
739.5 96656896
740 96656896
740.5 96656896
741 83775488
741.5 107406848
742 94386432
742.5 94525440
743 94849792
743.5 96008192
744 96656896
744.5 96656896
745 96703232
745.5 96656896
746 68669952
746.5 121956352
747 94386432
747.5 94571776
748 95035136
748.5 96332544
749 96656896
749.5 96656896
750 96656896
750.5 96656896
751 73326720
751.5 116743552
752 94432768
752.5 95081472
753 95035136
753.5 96378880
754 96656896
754.5 96656896
755 96656896
755.5 96656896
756 95776512
756.5 94247424
757 94479104
757.5 94571776
758 95313152
758.5 96564224
759 96656896
759.5 96703232
760 96656896
760.5 96656896
761 95127808
761.5 94340096
762 94479104
762.5 94664448
763 95683840
763.5 96656896
764 96656896
764.5 96656896
765 96656896
765.5 96703232
766 94525440
766.5 94525440
767 94896128
767.5 94664448
768 95683840
768.5 96656896
769 96656896
769.5 96656896
770 96656896
770.5 89799168
771 101429504
771.5 94340096
772 94525440
772.5 94849792
773 96008192
773.5 96656896
774 96703232
774.5 96656896
775 96656896
775.5 74600960
776 116025344
776.5 94386432
777 94571776
777.5 95035136
778 96332544
778.5 96656896
779 96656896
779.5 96656896
780 96703232
780.5 73048704
781 117531264
781.5 94432768
782 94571776
782.5 95035136
783 96332544
783.5 96656896
784 96656896
784.5 96656896
785 96656896
785.5 73048704
786 117021568
786.5 94432768
787 94618112
787.5 95313152
788 96564224
788.5 96656896
789 96656896
789.5 96656896
790 96656896
790.5 95127808
791 94340096
791.5 94479104
792 95127808
792.5 95313152
793 96564224
793.5 96656896
794 96703232
794.5 96656896
795 96656896
795.5 95127808
796 94340096
796.5 94479104
797 94664448
797.5 95683840
798 96656896
798.5 96656896
799 96656896
799.5 96656896
800 95591168
800.5 95637504
801 94386432
801.5 94525440
802 94803456
802.5 96054528
803 96656896
803.5 96656896
804 96656896
804.5 96656896
805 80485632
805.5 110140672
806 94803456
806.5 94664448
807 94849792
807.5 96008192
808 96656896
808.5 96703232
809 96656896
809.5 96656896
810 68530944
810.5 122095360
811 94386432
811.5 94571776
812 95035136
812.5 96332544
813 96656896
813.5 96656896
814 96656896
814.5 96703232
815 72909696
815.5 117114240
816 94432768
816.5 94618112
817 95405824
817.5 96471552
818 96656896
818.5 96656896
819 96656896
819.5 96656896
820 95174144
820.5 94896128
821 94432768
821.5 94618112
822 95313152
822.5 96564224
823 96656896
823.5 96656896
824 96656896
824.5 96656896
825 95127808
825.5 94340096
826 94479104
826.5 94710784
827 95637504
827.5 96656896
828 96656896
828.5 96656896
829 96703232
829.5 96656896
830 94525440
830.5 94386432
831 94525440
831.5 95174144
832 95683840
832.5 96656896
833 96656896
833.5 96656896
834 96656896
834.5 86509312
835 104719360
835.5 94340096
836 94525440
836.5 94849792
837 96054528
837.5 96656896
838 96656896
838.5 96656896
839 96656896
839.5 71311104
840 119315200
840.5 94432768
841 94525440
841.5 95035136
842 96332544
842.5 96656896
843 96703232
843.5 96656896
844 96656896
844.5 72770688
845 117253248
845.5 94988800
846 94571776
846.5 95035136
847 96332544
847.5 96656896
848 96656896
848.5 96656896
849 96656896
849.5 95776512
850 94293760
850.5 94432768
851 94618112
851.5 95313152
852 96564224
852.5 96656896
853 96656896
853.5 96656896
854 96656896
854.5 95127808
855 94340096
855.5 94479104
856 94710784
856.5 95776512
857 96517888
857.5 96703232
858 96656896
858.5 96656896
859 96656896
859.5 94803456
860 94664448
860.5 94479104
861 94710784
861.5 95637504
862 96656896
862.5 96656896
863 96656896
863.5 96703232
864 92254976
864.5 98927360
865 94386432
865.5 94525440
866 94803456
866.5 96054528
867 96656896
867.5 96656896
868 96656896
868.5 96656896
869 77195776
869.5 113430528
870 94432768
870.5 94525440
871 95359488
871.5 96054528
872 96656896
872.5 96656896
873 96656896
873.5 96656896
874 72770688
874.5 117855616
875 94432768
875.5 94525440
876 95035136
876.5 96332544
877 96656896
877.5 96656896
878 96703232
878.5 96656896
879 72631680
879.5 117392256
880 94479104
880.5 94571776
881 95313152
881.5 96564224
882 96656896
882.5 96656896
883 96656896
883.5 96656896
884 95174144
884.5 94340096
885 94988800
885.5 94618112
886 95313152
886.5 96564224
887 96656896
887.5 96656896
888 96656896
888.5 96656896
889 95127808
889.5 94340096
890 94479104
890.5 94710784
891 95637504
891.5 96656896
892 96703232
892.5 96656896
893 96656896
893.5 96656896
894 94525440
894.5 94386432
895 94525440
895.5 94803456
896 96054528
896.5 96656896
897 96656896
897.5 96656896
898 96656896
898.5 83126784
899 107962880
899.5 94525440
