0 2 -1
0.5 6 6
1 28 50
1.5 141 276
2 711 1416
2.5 521 3789
3 525 5825
3.5 529 7875
4 544 9949
4.5 585 12111
5 650 14475
5.5 742 17201
6 852 20199
6.5 987 23699
7 1146 27707
7.5 1314 31879
8 674 35251
8.5 677 37841
9 681 40489
9.5 701 43177
10 747 45983
10.5 816 49005
11 911 52335
11.5 1027 55973
12 1166 60063
12.5 1315 64235
13 670 67600
13.5 674 70172
14 677 72762
14.5 698 75424
15 744 78214
15.5 814 81224
16 909 84544
16.5 1026 88212
17 1166 92290
17.5 1315 96462
18 1065 100593
18.5 1067 104747
19 1068 108905
19.5 1076 113071
20 1095 117243
20.5 1124 121415
21 1163 125587
21.5 1210 129759
22 1265 133931
22.5 1042 136875
23 1045 142156
23.5 1046 146228
24 1049 150304
24.5 1062 154402
25 1086 158560
25.5 1120 162732
26 1163 166904
26.5 1214 171076
27 1273 175248
27.5 1043 178374
28 1046 183452
28.5 1047 187530
29 1051 191634
29.5 1066 195736
30 1091 199894
30.5 1126 204066
31 1170 208238
31.5 1223 212410
32 1282 216582
32.5 1045 220716
33 1046 224786
33.5 1048 228862
34 1052 232946
34.5 1069 237060
35 1096 241228
35.5 1133 245400
36 1178 249572
36.5 1232 253744
37 1292 257916
37.5 1045 262022
38 1046 266094
38.5 1048 270172
39 1054 274260
39.5 1072 278388
40 1101 282560
40.5 1139 286732
41 1186 290906
41.5 1241 295078
42 1303 299250
42.5 1045 303330
43 1047 307422
43.5 1048 311506
44 1056 315592
44.5 1076 319722
45 1106 323894
45.5 1146 328066
46 1194 332238
46.5 1250 336410
47 1165 340302
47.5 1045 344664
48 1047 348738
48.5 1048 352818
49 1059 356910
49.5 1080 361056
50 1112 365228
50.5 1153 369400
51 1202 373572
51.5 1259 377744
52 1043 380984
52.5 1046 385972
53 1047 390048
53.5 1049 394128
54 1061 398236
54.5 1085 402388
55 1118 406562
55.5 1160 410734
56 1211 414906
56.5 1269 419078
57 1043 422192
57.5 1046 427304
58 1047 431380
58.5 1050 435462
59 1064 439564
59.5 1089 443722
60 1124 447894
60.5 1167 452066
61 1219 456238
61.5 1279 460412
62 1043 463520
62.5 1046 468614
63 1048 472690
63.5 1052 476774
64 1068 480888
64.5 1094 485056
65 1130 489228
65.5 1175 493400
66 1228 497572
66.5 1289 501744
67 1045 505852
67.5 1046 509924
68 1048 514002
68.5 1054 518108
69 1071 522222
69.5 1099 526390
70 1137 530562
70.5 1183 534734
71 1237 538906
71.5 1299 543078
72 1045 547184
72.5 1047 551256
73 1048 555334
73.5 1056 559422
74 1075 563550
74.5 1104 567722
75 1143 571894
75.5 1191 576068
76 1246 580240
76.5 1299 584390
77 1045 588492
77.5 1047 592566
78 1048 596646
78.5 1058 600738
79 1079 604884
79.5 1110 609056
80 1150 613228
80.5 1199 617400
81 1256 621572
81.5 1043 625068
82 1045 629800
82.5 1047 633900
83 1049 637980
83.5 1060 642072
84 1083 646218
84.5 1116 650390
85 1157 654562
85.5 1207 658734
86 1265 662906
86.5 1043 665880
87 1046 671134
87.5 1047 675210
88 1050 679290
88.5 1063 683392
89 1087 687550
89.5 1121 691722
90 1165 695896
90.5 1216 700068
91 1275 704240
91.5 1043 707407
92 1046 712442
92.5 1047 716520
93 1051 720602
93.5 1066 724726
94 1092 728884
94.5 1128 733056
95 1172 737228
95.5 1225 741400
96 1285 745574
96.5 1045 749692
97 1046 753776
97.5 1048 757852
98 1053 761936
98.5 1070 766050
99 1097 770218
99.5 1134 774390
100 1180 778562
100.5 1234 782734
101 1295 786906
101.5 1045 791014
102 1046 795084
102.5 1048 799162
103 1055 803250
103.5 1073 807378
104 1102 811552
104.5 1141 815724
105 1188 819896
105.5 1243 824068
106 1305 828240
106.5 1045 832322
107 1047 836394
107.5 1048 840474
108 1057 844584
108.5 1077 848712
109 1107 852884
109.5 1147 857056
110 1196 861228
110.5 1252 865402
111 1092 869150
111.5 1045 873654
112 1047 877728
112.5 1048 881808
113 1059 885900
113.5 1081 890046
114 1113 894218
114.5 1154 898390
115 1204 902562
115.5 1261 906734
116 1043 909834
116.5 1046 914962
117 1047 919038
117.5 1049 923118
118 1062 927220
118.5 1086 931380
119 1119 935552
119.5 1162 939724
120 1213 943896
120.5 1271 948068
121 1043 951231
121.5 1046 956270
122 1047 960372
122.5 1051 964452
123 1065 968554
123.5 1090 972712
124 1125 976884
124.5 1169 981058
125 1221 985230
125.5 1281 989402
126 1044 993534
126.5 1046 997604
127 1048 1001682
127.5 1052 1005764
128 1068 1009878
128.5 1095 1014046
129 1131 1018218
129.5 1177 1022390
130 1230 1026562
130.5 1291 1030734
131 1045 1034842
131.5 1046 1038914
132 1048 1042992
132.5 1054 1047078
133 1072 1051212
133.5 1100 1055380
134 1138 1059552
134.5 1185 1063724
135 1239 1067896
135.5 1301 1072068
136 1045 1076170
136.5 1047 1080246
137 1048 1084324
137.5 1056 1088412
138 1076 1092540
138.5 1105 1096712
139 1145 1100886
139.5 1193 1105058
140 1248 1109230
140.5 1224 1113234
141 1045 1117484
141.5 1047 1121556
142 1048 1125636
142.5 1058 1129728
143 1080 1133874
143.5 1111 1138046
144 1152 1142218
144.5 1201 1146390
145 1258 1150564
145.5 1043 1153912
146 1045 1158792
146.5 1047 1162866
147 1049 1166954
147.5 1061 1171062
148 1084 1175208
148.5 1117 1179380
149 1159 1183552
149.5 1209 1187724
150 1267 1191896
150.5 1043 1194988
151 1046 1200124
151.5 1047 1204200
152 1050 1208280
152.5 1064 1212382
153 1088 1216542
153.5 1123 1220714
154 1166 1224886
154.5 1218 1229058
155 1277 1233230
155.5 1043 1236387
156 1046 1241432
156.5 1048 1245510
157 1052 1249592
157.5 1067 1253706
158 1093 1257874
158.5 1129 1262046
159 1174 1266218
159.5 1227 1270392
160 1287 1274564
160.5 1045 1278670
161 1046 1282742
161.5 1048 1286844
162 1053 1290926
162.5 1070 1295040
163 1098 1299208
163.5 1136 1303380
164 1181 1307552
164.5 1236 1311724
165 1297 1315896
165.5 1045 1320004
166 1046 1324076
166.5 1048 1328154
167 1055 1332240
167.5 1074 1336370
168 1103 1340542
168.5 1142 1344714
169 1189 1348886
169.5 1245 1353058
170 1307 1357230
170.5 1045 1361312
171 1047 1365384
171.5 1048 1369464
172 1057 1373558
172.5 1078 1377702
173 1109 1381874
173.5 1149 1386048
174 1198 1390220
174.5 1254 1394392
175 1043 1398000
175.5 1045 1402644
176 1047 1406718
176.5 1049 1410798
177 1060 1414890
177.5 1082 1419036
178 1115 1423208
178.5 1156 1427380
179 1206 1431552
179.5 1264 1435724
180 1043 1438678
180.5 1046 1443954
181 1047 1448028
181.5 1050 1452108
182 1063 1456210
182.5 1086 1460370
183 1120 1464542
183.5 1163 1468714
184 1215 1472886
184.5 1273 1477058
185 1043 1480205
185.5 1046 1485262
186 1047 1489338
186.5 1051 1493438
187 1066 1497544
187.5 1091 1501702
188 1127 1505876
188.5 1171 1510048
189 1223 1514220
189.5 1283 1518392
190 1045 1522524
190.5 1046 1526594
191 1048 1530672
191.5 1052 1534754
192 1069 1538868
192.5 1096 1543036
193 1133 1547208
193.5 1178 1551380
194 1232 1555554
194.5 1293 1559726
195 1045 1563832
195.5 1046 1567904
196 1048 1571982
196.5 1054 1576068
197 1073 1580198
197.5 1101 1584370
198 1139 1588542
198.5 1186 1592714
199 1241 1596886
199.5 1303 1601058
200 1045 1605140
200.5 1047 1609214
201 1048 1613316
201.5 1057 1617402
202 1076 1621532
202.5 1107 1625704
203 1146 1629876
203.5 1194 1634048
204 1251 1638220
204.5 1148 1642078
205 1045 1646474
205.5 1047 1650546
206 1048 1654626
206.5 1059 1658720
207 1081 1662864
207.5 1112 1667036
208 1153 1671208
208.5 1203 1675382
209 1260 1679554
209.5 1043 1682760
210 1046 1687782
210.5 1047 1691856
211 1049 1695938
211.5 1062 1700040
212 1085 1704198
212.5 1118 1708370
213 1160 1712542
213.5 1211 1716714
214 1269 1720886
214.5 1043 1724033
215 1046 1729114
215.5 1047 1733190
216 1050 1737270
216.5 1065 1741372
217 1089 1745532
217.5 1124 1749704
218 1168 1753876
218.5 1220 1758048
219 1279 1762220
219.5 1043 1765361
220 1046 1770424
220.5 1048 1774500
221 1052 1778582
221.5 1068 1782696
222 1094 1786864
222.5 1130 1791038
223 1175 1795210
223.5 1229 1799382
224 1289 1803554
224.5 1045 1807660
225 1046 1811732
225.5 1048 1815810
226 1054 1819916
226.5 1071 1824030
227 1099 1828198
227.5 1137 1832370
228 1183 1836542
228.5 1238 1840714
229 1299 1844888
229.5 1045 1848992
230 1047 1853066
230.5 1048 1857144
231 1056 1861230
231.5 1075 1865360
232 1104 1869532
232.5 1144 1873704
233 1191 1877876
233.5 1247 1882048
234 1282 1886166
234.5 1045 1890302
235 1047 1894374
235.5 1048 1898454
236 1058 1902548
236.5 1079 1906692
237 1110 1910866
237.5 1151 1915038
238 1199 1919210
238.5 1256 1923382
239 1043 1926844
239.5 1045 1931610
240 1047 1935696
240.5 1049 1939788
241 1060 1943882
241.5 1083 1948026
242 1116 1952198
242.5 1158 1956370
243 1208 1960544
243.5 1266 1964716
244 1043 1967721
244.5 1046 1972944
245 1047 1977018
245.5 1050 1981100
246 1063 1985202
246.5 1088 1989360
247 1122 1993532
247.5 1165 1997704
248 1216 2001876
248.5 1275 2006048
249 1043 2009183
249.5 1046 2014252
250 1048 2018328
250.5 1051 2022412
251 1066 2026526
251.5 1092 2030694
252 1128 2034866
252.5 1172 2039038
253 1225 2043210
253.5 1285 2047382
254 1045 2051488
254.5 1046 2055586
255 1048 2059662
255.5 1053 2063744
256 1070 2067858
256.5 1097 2072026
257 1134 2076198
257.5 1180 2080372
258 1234 2084544
258.5 1295 2088716
259 1045 2092822
259.5 1046 2096894
260 1048 2100972
260.5 1055 2105060
261 1073 2109188
261.5 1102 2113360
262 1141 2117532
262.5 1188 2121704
263 1243 2125876
263.5 1306 2130050
264 1045 2134130
264.5 1047 2138204
265 1048 2142284
265.5 1057 2146392
266 1077 2150522
266.5 1108 2154694
267 1148 2158866
267.5 1196 2163038
268 1253 2167210
268.5 1074 2170926
269 1045 2175462
269.5 1047 2179536
270 1048 2183616
270.5 1059 2187710
271 1081 2191854
271.5 1114 2196028
272 1155 2200200
272.5 1205 2204372
273 1262 2208544
273.5 1043 2211610
274 1046 2216772
274.5 1047 2220846
275 1049 2224928
275.5 1062 2229030
276 1086 2233188
276.5 1119 2237360
277 1162 2241532
277.5 1213 2245704
278 1272 2249878
278.5 1043 2253007
279 1046 2258080
279.5 1047 2262176
280 1051 2266262
280.5 1065 2270364
281 1090 2274522
281.5 1125 2278694
282 1169 2282866
282.5 1222 2287038
283 1281 2291210
283.5 1044 2295344
284 1046 2299414
284.5 1048 2303490
285 1052 2307574
285.5 1068 2311688
286 1095 2315856
286.5 1132 2320028
287 1177 2324200
287.5 1231 2328372
288 1291 2332544
288.5 1045 2336650
289 1046 2340722
289.5 1048 2344800
290 1054 2348888
290.5 1072 2353020
291 1100 2357188
291.5 1138 2361360
292 1185 2365534
292.5 1240 2369706
293 1301 2373878
293.5 1045 2377964
294 1047 2382056
294.5 1048 2386134
295 1056 2390220
295.5 1076 2394350
296 1106 2398522
296.5 1145 2402694
297 1193 2406866
297.5 1249 2411038
298 1206 2415010
298.5 1045 2419292
299 1047 2423366
299.5 1048 2427446
300 1058 2431538
300.5 1080 2435684
301 1111 2439856
301.5 1152 2444028
302 1201 2448200
302.5 1258 2452372
303 1043 2455688
303.5 1045 2460600
304 1047 2464676
304.5 1049 2468756
305 1061 2472872
305.5 1084 2477016
306 1117 2481188
306.5 1159 2485362
307 1210 2489534
307.5 1268 2493706
308 1043 2496829
308.5 1046 2501932
309 1047 2506008
309.5 1050 2510090
310 1064 2514192
310.5 1089 2518350
311 1123 2522522
311.5 1167 2526694
312 1218 2530866
312.5 1278 2535040
313 1043 2538163
313.5 1046 2543242
314 1048 2547318
314.5 1052 2551402
315 1067 2555516
315.5 1093 2559684
316 1129 2563856
316.5 1174 2568028
317 1227 2572200
317.5 1287 2576372
318 1045 2580480
318.5 1046 2584552
319 1048 2588652
319.5 1053 2592736
320 1071 2596850
320.5 1098 2601018
321 1136 2605190
321.5 1182 2609362
322 1236 2613534
322.5 1298 2617706
323 1045 2621812
323.5 1046 2625884
324 1048 2629962
324.5 1055 2634050
325 1074 2638178
325.5 1103 2642350
326 1142 2646522
326.5 1190 2650694
327 1245 2654868
327.5 1308 2659040
328 1045 2663120
328.5 1047 2667194
329 1048 2671274
329.5 1058 2675366
330 1078 2679512
330.5 1109 2683684
331 1149 2687856
331.5 1198 2692028
332 1255 2696200
332.5 1043 2699776
333 1045 2704442
333.5 1047 2708528
334 1049 2712608
334.5 1060 2716700
335 1082 2720846
335.5 1115 2725018
336 1156 2729190
336.5 1206 2733362
337 1264 2737534
337.5 1043 2740454
338 1046 2745762
338.5 1047 2749838
339 1050 2753918
339.5 1063 2758020
340 1087 2762178
340.5 1121 2766350
341 1164 2770524
341.5 1215 2774696
342 1274 2778868
342.5 1043 2781981
343 1046 2787070
343.5 1047 2791148
344 1051 2795230
344.5 1066 2799354
345 1091 2803512
345.5 1127 2807684
346 1171 2811856
346.5 1224 2816028
347 1284 2820202
347.5 1045 2824334
348 1046 2828404
348.5 1048 2832480
349 1053 2836564
349.5 1069 2840678
350 1096 2844846
350.5 1133 2849018
351 1179 2853190
351.5 1233 2857362
352 1294 2861534
352.5 1045 2865642
353 1046 2869712
353.5 1048 2873790
354 1054 2877878
354.5 1073 2882006
355 1101 2886178
355.5 1140 2890352
356 1187 2894524
356.5 1242 2898696
357 1304 2902868
357.5 1045 2906950
358 1047 2911022
358.5 1048 2915124
359 1057 2919212
359.5 1077 2923340
360 1107 2927512
360.5 1147 2931684
361 1195 2935856
361.5 1251 2940030
362 1131 2943854
362.5 1045 2948282
363 1047 2952356
363.5 1048 2956436
364 1059 2960528
364.5 1081 2964674
365 1113 2968846
365.5 1154 2973018
366 1203 2977190
366.5 1260 2981362
367 1043 2984536
367.5 1046 2989590
368 1047 2993666
368.5 1049 2997746
369 1062 3001848
369.5 1085 3006008
370 1118 3010180
370.5 1161 3014352
371 1212 3018524
371.5 1270 3022696
372 1043 3025809
372.5 1046 3030922
373 1047 3035000
373.5 1050 3039080
374 1065 3043182
374.5 1090 3047340
375 1124 3051512
375.5 1168 3055686
376 1220 3059858
376.5 1280 3064030
377 1043 3067202
377.5 1046 3072232
378 1048 3076310
378.5 1052 3080392
379 1068 3084506
379.5 1094 3088674
380 1131 3092846
380.5 1176 3097018
381 1229 3101190
381.5 1290 3105362
382 1045 3109470
382.5 1046 3113542
383 1048 3117620
383.5 1054 3121716
384 1071 3125840
384.5 1099 3130008
385 1137 3134180
385.5 1184 3138352
386 1238 3142524
386.5 1300 3146696
387 1045 3150802
387.5 1047 3154874
388 1048 3158952
388.5 1056 3163040
389 1075 3167168
389.5 1105 3171340
390 1144 3175514
390.5 1192 3179686
391 1247 3183858
391.5 1265 3187942
392 1045 3192112
392.5 1047 3196184
393 1048 3200264
393.5 1058 3204356
394 1079 3208502
394.5 1110 3212674
395 1151 3216846
395.5 1200 3221018
396 1257 3225192
396.5 1043 3228620
397 1045 3233420
397.5 1047 3237494
398 1049 3241598
398.5 1061 3245690
399 1083 3249836
399.5 1116 3254008
400 1158 3258180
400.5 1208 3262352
401 1266 3266524
401.5 1043 3269562
402 1046 3274752
402.5 1047 3278828
403 1050 3282908
403.5 1063 3287010
404 1088 3291170
404.5 1122 3295342
405 1165 3299514
405.5 1217 3303686
406 1276 3307858
406.5 1043 3311024
407 1046 3316060
407.5 1048 3320138
408 1051 3324220
408.5 1067 3328334
409 1093 3332502
409.5 1128 3336674
410 1173 3340846
410.5 1226 3345020
411 1286 3349192
411.5 1045 3353298
412 1046 3357394
412.5 1048 3361472
413 1053 3365554
413.5 1070 3369668
414 1097 3373836
414.5 1135 3378008
415 1180 3382180
415.5 1235 3386352
416 1296 3390524
416.5 1045 3394632
417 1046 3398704
417.5 1048 3402782
418 1055 3406868
418.5 1074 3410998
419 1103 3415170
419.5 1141 3419342
420 1188 3423514
420.5 1244 3427686
421 1306 3431858
421.5 1045 3435940
422 1047 3440012
422.5 1048 3444092
423 1057 3448202
423.5 1078 3452330
424 1108 3456502
424.5 1148 3460676
425 1197 3464848
425.5 1253 3469020
426 1058 3472702
426.5 1045 3477272
427 1047 3481346
427.5 1049 3485426
428 1060 3489518
428.5 1082 3493664
429 1114 3497836
429.5 1155 3502008
430 1205 3506180
430.5 1262 3510352
431 1043 3513384
431.5 1046 3518582
432 1047 3522656
432.5 1050 3526736
433 1062 3530838
433.5 1086 3534998
434 1120 3539170
434.5 1162 3543342
435 1213 3547514
435.5 1272 3551686
436 1043 3554852
436.5 1046 3559890
437 1047 3563972
437.5 1051 3568070
438 1065 3572172
438.5 1091 3576330
439 1126 3580504
439.5 1170 3584676
440 1222 3588848
440.5 1282 3593020
441 1045 3597152
441.5 1046 3601222
442 1048 3605300
442.5 1052 3609382
443 1069 3613496
443.5 1096 3617664
444 1132 3621836
444.5 1177 3626008
445 1231 3630182
445.5 1292 3634354
446 1045 3638460
446.5 1046 3642532
447 1048 3646610
447.5 1054 3650696
448 1072 3654826
448.5 1101 3658998
449 1139 3663170
449.5 1185 3667342
450 1240 3671514
450.5 1302 3675686
451 1045 3679768
451.5 1047 3683866
452 1048 3687944
452.5 1056 3692030
453 1076 3696160
453.5 1106 3700332
454 1145 3704504
454.5 1193 3708676
455 1249 3712848
455.5 1191 3716790
456 1045 3721102
456.5 1047 3725174
457 1048 3729254
457.5 1059 3733348
458 1080 3737492
458.5 1112 3741664
459 1152 3745836
459.5 1202 3750010
460 1259 3754182
460.5 1043 3757468
461 1045 3762410
461.5 1047 3766484
462 1049 3770566
462.5 1061 3774680
463 1084 3778826
463.5 1117 3782998
464 1160 3787170
464.5 1210 3791342
465 1268 3795514
465.5 1043 3798670
466 1046 3803742
466.5 1047 3807818
467 1050 3811898
467.5 1064 3816000
468 1089 3820160
468.5 1123 3824332
469 1167 3828504
469.5 1219 3832676
470 1278 3836848
470.5 1043 3840002
471 1046 3845052
471.5 1048 3849128
472 1052 3853210
472.5 1067 3857324
473 1094 3861492
473.5 1130 3865666
474 1174 3869838
474.5 1228 3874010
475 1288 3878182
475.5 1045 3882288
476 1046 3886360
476.5 1048 3890452
477 1053 3894544
477.5 1071 3898658
478 1099 3902826
478.5 1136 3906998
479 1182 3911170
479.5 1237 3915342
480 1298 3919516
480.5 1045 3923620
481 1046 3927694
481.5 1048 3931772
482 1055 3935858
482.5 1074 3939988
483 1104 3944160
483.5 1143 3948332
484 1190 3952504
484.5 1246 3956676
485 1308 3960848
485.5 1045 3964930
486 1047 3969002
486.5 1048 3973082
487 1058 3977176
487.5 1078 3981320
488 1109 3985494
488.5 1150 3989666
489 1198 3993838
489.5 1255 3998010
490 1043 4001550
490.5 1045 4006238
491 1047 4010336
491.5 1049 4014416
492 1060 4018510
492.5 1083 4022654
493 1115 4026826
493.5 1157 4030998
494 1207 4035172
494.5 1265 4039344
495 1043 4042234
495.5 1046 4047572
496 1047 4051646
496.5 1050 4055728
497 1063 4059830
497.5 1087 4063988
498 1121 4068160
498.5 1164 4072332
499 1215 4076504
499.5 1274 4080676
500 1043 4083826
500.5 1046 4088880
501 1047 4092956
501.5 1051 4097040
502 1066 4101162
502.5 1092 4105322
503 1127 4109494
503.5 1171 4113666
504 1224 4117838
504.5 1284 4122010
505 1045 4126144
505.5 1046 4130212
506 1048 4134290
506.5 1053 4138372
507 1069 4142486
507.5 1097 4146654
508 1134 4150826
508.5 1179 4155000
509 1233 4159172
509.5 1294 4163344
510 1045 4167450
510.5 1046 4171522
511 1048 4175600
511.5 1055 4179686
512 1073 4183816
512.5 1102 4187988
513 1140 4192160
513.5 1187 4196332
514 1242 4200504
514.5 1304 4204678
515 1045 4208758
515.5 1047 4212832
516 1048 4216934
516.5 1057 4221020
517 1077 4225150
517.5 1107 4229322
518 1147 4233494
518.5 1195 4237666
519 1251 4241838
519.5 1116 4245634
520 1045 4250090
520.5 1047 4254164
521 1048 4258244
521.5 1059 4262338
522 1081 4266482
522.5 1113 4270656
523 1154 4274828
523.5 1204 4279000
524 1261 4283172
524.5 1043 4286312
525 1046 4291400
525.5 1047 4295474
526 1049 4299556
526.5 1062 4303658
527 1085 4307816
527.5 1119 4311988
528 1161 4316160
528.5 1212 4320332
529 1270 4324506
529.5 1043 4327648
530 1046 4332712
530.5 1047 4336808
531 1051 4340890
531.5 1065 4344992
532 1090 4349150
532.5 1125 4353322
533 1169 4357494
533.5 1221 4361666
534 1280 4365838
534.5 1043 4368982
535 1046 4374042
535.5 1048 4378118
536 1052 4382202
536.5 1068 4386316
537 1095 4390484
537.5 1131 4394656
538 1176 4398828
538.5 1230 4403000
539 1290 4407172
539.5 1045 4411278
540 1046 4415350
540.5 1048 4419428
541 1054 4423516
541.5 1071 4427648
542 1100 4431816
542.5 1138 4435988
543 1184 4440162
543.5 1239 4444334
544 1300 4448506
544.5 1045 4452612
545 1047 4456684
545.5 1048 4460762
546 1056 4464848
546.5 1075 4468978
547 1105 4473150
547.5 1144 4477322
548 1192 4481494
548.5 1248 4485666
549 1247 4489716
549.5 1045 4493920
550 1047 4497994
550.5 1048 4502074
551 1058 4506166
551.5 1079 4510312
552 1111 4514484
552.5 1151 4518656
553 1200 4522828
553.5 1257 4527000
554 1043 4530400
554.5 1045 4535228
555 1047 4539304
555.5 1049 4543406
556 1061 4547500
556.5 1084 4551644
557 1116 4555816
557.5 1158 4559990
558 1209 4564162
558.5 1267 4568334
559 1043 4571407
559.5 1046 4576560
560 1047 4580636
560.5 1050 4584718
561 1064 4588820
561.5 1088 4592978
562 1122 4597150
562.5 1166 4601322
563 1217 4605494
563.5 1276 4609668
564 1043 4612800
564.5 1046 4617870
565 1048 4621946
565.5 1051 4626030
566 1067 4630144
566.5 1093 4634312
567 1129 4638484
567.5 1173 4642656
568 1226 4646828
568.5 1286 4651000
569 1045 4655108
569.5 1046 4659194
570 1048 4663280
570.5 1053 4667364
571 1070 4671478
571.5 1098 4675646
572 1135 4679818
572.5 1181 4683990
573 1235 4688162
573.5 1296 4692334
574 1045 4696440
574.5 1046 4700512
575 1048 4704590
575.5 1055 4708678
576 1074 4712806
576.5 1103 4716978
577 1142 4721150
577.5 1189 4725322
578 1244 4729496
578.5 1307 4733668
579 1045 4737748
579.5 1047 4741822
580 1048 4745902
580.5 1057 4749998
581 1078 4754140
581.5 1108 4758312
582 1148 4762484
582.5 1197 4766656
583 1253 4770828
583.5 1043 4774478
584 1045 4779082
584.5 1047 4783156
585 1049 4787234
585.5 1060 4791328
586 1082 4795474
586.5 1114 4799646
587 1156 4803818
587.5 1205 4807990
588 1263 4812162
588.5 1043 4815160
589 1046 4820390
589.5 1047 4824466
590 1050 4828546
590.5 1062 4832648
591 1086 4836806
591.5 1120 4840978
592 1163 4845152
592.5 1214 4849324
593 1273 4853496
593.5 1043 4856628
594 1046 4861698
594.5 1047 4865776
595 1051 4869880
595.5 1066 4873982
596 1091 4878140
596.5 1126 4882312
597 1170 4886484
597.5 1223 4890656
598 1282 4894828
598.5 1045 4898962
599 1046 4903032
599.5 1048 4907108
600 1052 4911192
600.5 1069 4915306
601 1096 4919474
601.5 1133 4923646
602 1178 4927818
602.5 1232 4931990
603 1292 4936162
603.5 1045 4940268
604 1046 4944340
604.5 1048 4948418
605 1054 4952506
605.5 1072 4956634
606 1101 4960806
606.5 1139 4964980
607 1186 4969152
607.5 1241 4973324
608 1303 4977496
608.5 1045 4981578
609 1047 4985674
609.5 1048 4989752
610 1056 4993840
610.5 1076 4997968
611 1106 5002140
611.5 1146 5006312
612 1194 5010484
612.5 1250 5014658
613 1175 5018566
613.5 1045 5022910
614 1047 5026984
614.5 1048 5031064
615 1059 5035156
615.5 1080 5039302
616 1112 5043474
616.5 1153 5047646
617 1202 5051818
617.5 1259 5055990
618 1043 5059244
618.5 1046 5064218
619 1047 5068294
619.5 1049 5072374
620 1061 5076490
620.5 1084 5080636
621 1118 5084808
621.5 1160 5088980
622 1211 5093152
622.5 1269 5097324
623 1043 5100446
623.5 1046 5105552
624 1047 5109628
624.5 1050 5113708
625 1064 5117810
625.5 1089 5121968
626 1124 5126140
626.5 1167 5130312
627 1219 5134486
627.5 1279 5138658
628 1043 5141778
628.5 1046 5146860
629 1048 5150938
629.5 1052 5155020
630 1067 5159134
630.5 1094 5163302
631 1130 5167474
631.5 1175 5171646
632 1228 5175818
632.5 1288 5179990
633 1045 5184098
633.5 1046 5188170
634 1048 5192248
634.5 1054 5196354
635 1071 5200468
635.5 1099 5204636
636 1136 5208808
636.5 1183 5212980
637 1237 5217152
637.5 1299 5221324
638 1045 5225430
638.5 1046 5229502
639 1048 5233580
639.5 1056 5237668
640 1075 5241796
640.5 1104 5245968
641 1143 5250142
641.5 1191 5254314
642 1246 5258486
642.5 1303 5262644
643 1045 5266738
643.5 1047 5270812
644 1048 5274892
644.5 1058 5278984
645 1079 5283130
645.5 1110 5287302
646 1150 5291474
646.5 1199 5295646
647 1256 5299818
647.5 1043 5303326
648 1045 5308048
648.5 1047 5312146
649 1049 5316226
649.5 1060 5320318
650 1083 5324464
650.5 1115 5328636
651 1157 5332808
651.5 1207 5336980
652 1265 5341152
652.5 1043 5344077
653 1046 5349380
653.5 1047 5353456
654 1050 5357536
654.5 1063 5361638
655 1087 5365796
655.5 1121 5369970
656 1164 5374142
656.5 1216 5378314
657 1275 5382486
657.5 1043 5385602
658 1046 5390688
658.5 1047 5394766
659 1051 5398848
659.5 1066 5402972
660 1092 5407130
660.5 1127 5411302
661 1172 5415474
661.5 1225 5419648
662 1285 5423820
662.5 1045 5427942
663 1046 5432022
663.5 1048 5436100
664 1053 5440182
664.5 1070 5444296
665 1097 5448464
665.5 1134 5452636
666 1180 5456808
666.5 1234 5460980
667 1295 5465152
667.5 1045 5469260
668 1046 5473332
668.5 1048 5477410
669 1055 5481496
669.5 1073 5485626
670 1102 5489798
670.5 1140 5493970
671 1187 5498142
671.5 1243 5502314
672 1305 5506486
672.5 1045 5510568
673 1047 5514640
673.5 1048 5518728
674 1057 5522830
674.5 1077 5526958
675 1107 5531130
675.5 1147 5535302
676 1196 5539476
676.5 1252 5543648
677 1099 5547410
677.5 1045 5551900
678 1047 5555974
678.5 1048 5560054
679 1059 5564146
679.5 1081 5568292
680 1113 5572464
680.5 1154 5576636
681 1204 5580808
681.5 1261 5584980
682 1043 5588088
682.5 1046 5593210
683 1047 5597284
683.5 1049 5601364
684 1062 5605466
684.5 1085 5609626
685 1119 5613798
685.5 1162 5617970
686 1212 5622142
686.5 1271 5626314
687 1043 5629424
687.5 1046 5634518
688 1047 5638618
688.5 1051 5642698
689 1065 5646800
689.5 1090 5650958
690 1125 5655132
690.5 1169 5659304
691 1221 5663476
691.5 1281 5667648
692 1043 5670758
692.5 1046 5675850
693 1048 5679928
693.5 1052 5684010
694 1068 5688124
694.5 1095 5692292
695 1131 5696464
695.5 1177 5700636
696 1230 5704808
696.5 1291 5708982
697 1045 5713088
697.5 1046 5717160
698 1048 5721238
698.5 1054 5725324
699 1072 5729458
699.5 1100 5733626
700 1138 5737798
700.5 1184 5741970
701 1239 5746142
701.5 1301 5750314
702 1045 5754420
702.5 1047 5758494
703 1048 5762572
703.5 1056 5766658
704 1076 5770786
704.5 1105 5774960
705 1145 5779132
705.5 1192 5783304
706 1248 5787476
706.5 1229 5791492
707 1045 5795730
707.5 1047 5799802
708 1048 5803882
708.5 1058 5807976
709 1080 5812120
709.5 1111 5816292
710 1152 5820464
710.5 1201 5824638
711 1258 5828810
711.5 1043 5832176
712 1045 5837038
712.5 1047 5841112
713 1049 5845210
713.5 1061 5849308
714 1084 5853454
714.5 1117 5857626
715 1159 5861798
715.5 1209 5865970
716 1267 5870142
716.5 1043 5873248
717 1046 5878370
717.5 1047 5882446
718 1050 5886526
718.5 1064 5890628
719 1088 5894788
719.5 1123 5898960
720 1166 5903132
720.5 1218 5907304
721 1277 5911476
721.5 1043 5914641
722 1046 5919680
722.5 1048 5923756
723 1052 5927838
723.5 1067 5931952
724 1093 5936120
724.5 1129 5940292
725 1174 5944466
725.5 1226 5948638
726 1287 5952810
726.5 1045 5956916
727 1046 5960988
727.5 1048 5965090
728 1053 5969172
728.5 1070 5973286
729 1098 5977454
729.5 1135 5981626
730 1181 5985798
730.5 1235 5989970
731 1297 5994144
731.5 1045 5998250
732 1046 6002322
732.5 1048 6006400
733 1055 6010486
733.5 1074 6014616
734 1103 6018788
734.5 1142 6022960
735 1189 6027132
735.5 1245 6031304
736 1307 6035476
736.5 1045 6039558
737 1047 6043630
737.5 1048 6047710
738 1057 6051804
738.5 1078 6055948
739 1109 6060122
739.5 1149 6064294
740 1197 6068466
740.5 1254 6072638
741 1043 6076254
741.5 1045 6080890
742 1047 6084964
742.5 1049 6089044
743 1060 6093138
743.5 1082 6097282
744 1114 6101454
744.5 1156 6105626
745 1206 6109800
745.5 1263 6113972
746 1043 6116936
746.5 1046 6122200
747 1047 6126274
747.5 1050 6130356
748 1063 6134458
748.5 1086 6138616
749 1120 6142788
749.5 1163 6146960
750 1214 6151132
750.5 1273 6155304
751 1043 6158469
751.5 1046 6163508
752 1047 6167584
752.5 1051 6171688
753 1066 6175790
753.5 1091 6179950
754 1126 6184122
754.5 1171 6188294
755 1223 6192466
755.5 1283 6196638
756 1045 6200772
756.5 1046 6204840
757 1048 6208918
757.5 1052 6213000
758 1069 6217114
758.5 1096 6221282
759 1133 6225454
759.5 1178 6229628
760 1232 6233800
760.5 1293 6237972
761 1045 6242078
761.5 1046 6246150
762 1048 6250228
762.5 1054 6254314
763 1072 6258444
763.5 1101 6262616
764 1139 6266788
764.5 1186 6270960
765 1241 6275132
765.5 1303 6279306
766 1045 6283386
766.5 1047 6287466
767 1048 6291562
767.5 1057 6295648
768 1076 6299778
768.5 1106 6303950
769 1146 6308122
769.5 1194 6312294
770 1250 6316466
770.5 1157 6320342
771 1045 6324720
771.5 1047 6328792
772 1048 6332872
772.5 1059 6336966
773 1080 6341110
773.5 1112 6345282
774 1153 6349456
774.5 1203 6353628
775 1260 6357800
775.5 1043 6361020
776 1046 6366028
776.5 1047 6370102
777 1049 6374184
777.5 1061 6378286
778 1085 6382444
778.5 1118 6386616
779 1160 6390788
779.5 1211 6394960
780 1269 6399134
780.5 1043 6402287
781 1046 6407360
781.5 1047 6411436
782 1050 6415518
782.5 1064 6419620
783 1089 6423778
783.5 1124 6427950
784 1168 6432122
784.5 1220 6436294
785 1279 6440466
785.5 1043 6443619
786 1046 6448670
786.5 1048 6452746
787 1052 6456830
787.5 1068 6460944
788 1094 6465112
788.5 1130 6469284
789 1175 6473456
789.5 1228 6477628
790 1289 6481800
790.5 1045 6485906
791 1046 6489978
791.5 1048 6494056
792 1054 6498162
792.5 1071 6502276
793 1099 6506444
793.5 1137 6510616
794 1183 6514790
794.5 1238 6518962
795 1299 6523134
795.5 1045 6527240
796 1047 6531312
796.5 1048 6535390
797 1056 6539476
797.5 1075 6543606
798 1104 6547778
798.5 1144 6551950
799 1191 6556122
799.5 1247 6560294
800 1286 6564420
800.5 1045 6568548
801 1047 6572622
801.5 1048 6576702
802 1058 6580794
802.5 1079 6584940
803 1110 6589112
803.5 1150 6593284
804 1199 6597456
804.5 1256 6601628
805 1043 6605102
805.5 1045 6609856
806 1047 6613948
806.5 1049 6618034
807 1060 6622128
807.5 1083 6626272
808 1116 6630444
808.5 1157 6634618
809 1208 6638790
809.5 1265 6642962
810 1043 6645920
810.5 1046 6651190
811 1047 6655264
811.5 1050 6659346
812 1063 6663448
812.5 1087 6667606
813 1122 6671778
813.5 1165 6675950
814 1216 6680122
814.5 1275 6684296
815 1043 6687443
815.5 1046 6692498
816 1047 6696574
816.5 1051 6700658
817 1066 6704776
817.5 1092 6708940
818 1128 6713112
818.5 1172 6717284
819 1225 6721456
819.5 1285 6725628
820 1045 6729736
820.5 1046 6733832
821 1048 6737908
821.5 1053 6741992
822 1070 6746106
822.5 1097 6750274
823 1134 6754446
823.5 1180 6758618
824 1234 6762790
824.5 1295 6766962
825 1045 6771068
825.5 1046 6775140
826 1048 6779218
826.5 1055 6783306
827 1073 6787434
827.5 1102 6791606
828 1141 6795778
828.5 1188 6799950
829 1243 6804124
829.5 1305 6808296
830 1045 6812376
830.5 1047 6816450
831 1048 6820530
831.5 1057 6824638
832 1077 6828768
832.5 1108 6832940
833 1148 6837112
833.5 1196 6841284
834 1252 6845456
834.5 1084 6849190
835 1045 6853710
835.5 1047 6857782
836 1048 6861862
836.5 1059 6865956
837 1081 6870102
837.5 1113 6874274
838 1155 6878446
838.5 1204 6882618
839 1262 6886790
839.5 1043 6889868
840 1046 6895018
840.5 1047 6899094
841 1049 6903174
841.5 1062 6907276
842 1086 6911434
842.5 1119 6915606
843 1162 6919780
843.5 1213 6923952
844 1271 6928124
844.5 1043 6931265
845 1046 6936326
845.5 1047 6940426
846 1051 6944508
846.5 1065 6948610
847 1090 6952768
847.5 1125 6956940
848 1169 6961112
848.5 1222 6965284
849 1281 6969456
849.5 1044 6973590
850 1046 6977660
850.5 1048 6981736
851 1052 6985820
851.5 1068 6989934
852 1095 6994102
852.5 1132 6998274
853 1177 7002446
853.5 1230 7006618
854 1291 7010790
854.5 1045 7014896
855 1046 7018968
855.5 1048 7023046
856 1054 7027134
856.5 1072 7031268
857 1100 7035434
857.5 1138 7039608
858 1185 7043780
858.5 1240 7047952
859 1301 7052124
859.5 1045 7056216
860 1047 7060302
860.5 1048 7064380
861 1056 7068468
861.5 1076 7072596
862 1105 7076768
862.5 1145 7080940
863 1193 7085112
863.5 1249 7089286
864 1213 7093268
864.5 1045 7097538
865 1047 7101612
865.5 1048 7105692
866 1058 7109784
866.5 1080 7113930
867 1111 7118102
867.5 1152 7122274
868 1201 7126446
868.5 1258 7130618
869 1043 7133950
869.5 1045 7138846
870 1047 7142922
870.5 1049 7147002
871 1061 7151118
871.5 1084 7155264
872 1117 7159436
872.5 1159 7163608
873 1209 7167780
873.5 1268 7171952
874 1043 7175093
874.5 1046 7180180
875 1047 7184256
875.5 1050 7188336
876 1064 7192438
876.5 1088 7196596
877 1123 7200768
877.5 1166 7204940
878 1218 7209114
878.5 1277 7213286
879 1043 7216421
879.5 1046 7221488
880 1048 7225566
880.5 1052 7229648
881 1067 7233762
881.5 1093 7237930
882 1129 7242102
882.5 1174 7246274
883 1227 7250446
883.5 1287 7254618
884 1045 7258726
884.5 1046 7262798
885 1048 7266898
885.5 1053 7270982
886 1070 7275096
886.5 1098 7279264
887 1136 7283436
887.5 1182 7287608
888 1236 7291780
888.5 1297 7295952
889 1045 7300058
889.5 1046 7304130
890 1048 7308208
890.5 1055 7312296
891 1074 7316424
891.5 1103 7320596
892 1142 7324770
892.5 1190 7328942
893 1245 7333114
893.5 1307 7337286
894 1045 7341366
894.5 1047 7345440
895 1048 7349520
895.5 1057 7353612
896 1078 7357758
896.5 1109 7361930
897 1149 7366102
897.5 1198 7370274
898 1254 7374446
898.5 1043 7378034
899 1045 7382694
899.5 1047 7386774
