0 -23168
0.5 162176
1 1019392
1.5 5235968
2 26411520
2.5 64407040
3 75991040
3.5 79466240
4 83173120
4.5 85582592
5 86648320
5.5 87992064
6 89521152
6.5 90725888
7 91698944
7.5 92440320
8 92996352
8.5 93552384
9 94154752
9.5 93737728
10 93737728
10.5 93784064
11 93737728
11.5 93784064
12 93784064
12.5 93923072
13 94201088
13.5 94664448
14 95220480
14.5 95544832
15 96286208
15.5 96703232
16 96656896
16.5 96656896
17 96656896
17.5 96656896
18 96656896
18.5 96656896
19 96656896
19.5 95822848
20 95035136
20.5 96656896
21 96656896
21.5 96656896
22 96656896
22.5 96656896
23 96656896
23.5 96703232
24 96656896
24.5 96656896
25 96656896
25.5 94849792
26 94571776
26.5 96471552
27 96703232
27.5 96656896
28 96656896
28.5 96656896
29 96656896
29.5 96656896
30 96656896
30.5 96656896
31 96656896
31.5 96703232
32 96656896
32.5 96656896
33 96656896
33.5 96656896
34 96656896
34.5 96656896
35 96656896
35.5 96703232
36 96656896
36.5 96656896
37 96656896
37.5 96656896
38 96656896
38.5 96656896
39 96656896
39.5 95081472
40 95405824
40.5 96656896
41 96656896
41.5 96703232
42 96656896
42.5 96656896
43 96656896
43.5 96656896
44 96656896
44.5 96656896
45 96656896
45.5 76871424
46 113198848
46.5 95498496
47 96703232
47.5 96656896
48 96656896
48.5 96656896
49 96656896
49.5 96656896
50 96656896
50.5 96656896
51 96656896
51.5 96703232
52 96656896
52.5 96656896
53 96656896
53.5 96656896
54 96656896
54.5 96656896
55 96656896
55.5 96656896
56 96703232
56.5 96656896
57 96656896
57.5 96656896
58 96656896
58.5 96656896
59 96656896
59.5 96656896
60 94432768
60.5 96054528
61 96656896
61.5 96703232
62 96656896
62.5 96656896
63 96656896
63.5 96656896
64 96656896
64.5 96656896
65 96656896
65.5 96656896
66 78052992
66.5 111507584
67 96054528
67.5 96656896
68 96656896
68.5 96656896
69 96656896
69.5 96656896
70 96656896
70.5 96656896
71 96656896
71.5 96703232
72 96656896
72.5 96656896
73 96656896
73.5 96656896
74 96656896
74.5 96656896
75 96656896
75.5 96656896
76 96703232
76.5 96656896
77 96656896
77.5 96656896
78 96656896
78.5 96656896
79 96656896
79.5 96656896
80 79280896
80.5 111391744
81 96471552
81.5 96703232
82 96656896
82.5 96656896
83 96656896
83.5 96656896
84 96656896
84.5 96656896
85 96656896
85.5 96656896
86 96703232
86.5 94849792
87 94340096
87.5 96378880
88 96656896
88.5 96656896
89 96656896
89.5 96656896
90 96656896
90.5 96656896
91 96656896
91.5 96703232
92 96656896
92.5 96656896
93 96656896
93.5 96656896
94 96656896
94.5 96656896
95 96656896
95.5 96656896
96 96703232
96.5 96656896
97 96656896
97.5 96656896
98 96656896
98.5 96656896
99 96656896
99.5 96656896
100 96656896
100.5 72492672
101 117994624
101.5 96656896
102 96703232
102.5 96656896
103 96656896
103.5 96656896
104 96656896
104.5 96656896
105 96656896
105.5 96656896
106 96703232
106.5 96656896
107 94015744
107.5 94942464
108 96610560
108.5 96656896
109 96656896
109.5 96656896
110 96656896
110.5 96656896
111 96656896
111.5 96656896
112 96703232
112.5 96656896
113 96656896
113.5 96656896
114 96656896
114.5 96656896
115 96656896
115.5 96656896
116 96703232
116.5 96656896
117 96656896
117.5 96656896
118 96656896
118.5 96656896
119 96656896
119.5 96656896
120 96656896
120.5 96703232
121 95035136
121.5 95405824
122 96703232
122.5 96656896
123 96656896
123.5 96656896
124 96656896
124.5 96656896
125 96656896
125.5 96656896
126 96656896
126.5 96703232
127 78956544
127.5 111067392
128 95544832
128.5 96656896
129 96656896
129.5 96656896
130 96656896
130.5 96656896
131 96656896
131.5 96656896
132 96703232
132.5 96656896
133 96656896
133.5 96656896
134 96656896
134.5 96656896
135 96656896
135.5 96656896
136 96656896
136.5 96703232
137 96656896
137.5 96656896
138 96656896
138.5 96656896
139 96656896
139.5 96656896
140 96656896
140.5 96703232
141 96656896
141.5 94386432
142 96100864
142.5 96656896
143 96656896
143.5 96656896
144 96656896
144.5 96656896
145 96656896
145.5 96656896
146 96656896
146.5 96703232
147 96656896
147.5 80138112
148 109422464
148.5 96008192
149 96656896
149.5 96656896
150 96656896
150.5 96656896
151 96656896
151.5 96656896
152 96703232
152.5 96656896
153 96656896
153.5 96656896
154 96656896
154.5 96656896
155 96656896
155.5 96656896
156 96656896
156.5 96703232
157 96656896
157.5 96656896
158 96656896
158.5 96656896
159 96656896
159.5 96656896
160 96656896
160.5 96656896
161 96703232
161.5 81366016
162 109260288
162.5 96517888
163 96656896
163.5 96656896
164 96656896
164.5 96656896
165 96656896
165.5 96656896
166 96656896
166.5 96703232
167 96656896
167.5 96656896
168 94849792
168.5 94340096
169 96378880
169.5 96656896
170 96656896
170.5 96656896
171 96656896
171.5 96656896
172 96703232
172.5 96656896
173 96656896
173.5 96656896
174 96656896
174.5 96656896
175 96656896
175.5 96656896
176 96656896
176.5 96703232
177 96656896
177.5 96656896
178 96656896
178.5 96656896
179 96656896
179.5 96656896
180 96656896
180.5 96656896
181 96703232
181.5 96656896
182 74577792
182.5 116002176
183 96564224
183.5 96656896
184 96656896
184.5 96656896
185 96656896
185.5 96656896
186 96656896
186.5 96703232
187 96656896
187.5 96656896
188 96656896
188.5 94015744
189 95035136
189.5 96517888
190 96656896
190.5 96656896
191 96656896
191.5 96656896
192 96656896
192.5 96703232
193 96656896
193.5 96656896
194 96656896
194.5 96656896
195 96656896
195.5 96656896
196 96656896
196.5 96703232
197 96656896
197.5 96656896
198 96656896
198.5 96656896
199 96656896
199.5 96656896
200 96656896
200.5 96656896
201 96703232
201.5 96656896
202 96656896
202.5 95035136
203 95452160
203.5 96656896
204 96656896
204.5 96656896
205 96656896
205.5 96656896
206 96656896
206.5 96656896
207 96703232
207.5 96656896
208 96656896
208.5 81088000
209 108935936
209.5 95637504
210 96564224
210.5 96656896
211 96656896
211.5 96656896
212 96656896
212.5 96703232
213 96656896
213.5 96656896
214 96656896
214.5 96656896
215 96656896
215.5 96656896
216 96656896
216.5 96656896
217 96703232
217.5 96656896
218 96656896
218.5 96656896
219 96656896
219.5 96656896
220 96656896
220.5 96656896
221 96703232
221.5 96656896
222 96656896
222.5 96656896
223 94386432
223.5 96100864
224 96656896
224.5 96656896
225 96656896
225.5 96656896
226 96656896
226.5 96656896
227 96703232
227.5 96656896
228 96656896
228.5 96656896
229 82084224
229.5 107476352
230 96008192
230.5 96656896
231 96656896
231.5 96656896
232 96656896
232.5 96703232
233 96656896
233.5 96656896
234 96656896
234.5 96656896
235 96656896
235.5 96656896
236 96656896
236.5 96656896
237 96703232
237.5 96656896
238 96656896
238.5 96656896
239 96656896
239.5 96656896
240 96656896
240.5 96656896
241 96656896
241.5 96703232
242 96656896
242.5 96656896
243 83312128
243.5 107731200
244 96100864
244.5 96656896
245 96656896
245.5 96656896
246 96656896
246.5 96656896
247 96703232
247.5 96656896
248 96656896
248.5 96656896
249 96656896
249.5 94849792
250 94710784
250.5 96008192
251 96656896
251.5 96656896
252 96656896
252.5 96656896
253 96703232
253.5 96656896
254 96656896
254.5 96656896
255 96656896
255.5 96656896
256 96656896
256.5 96656896
257 96703232
257.5 96656896
258 96656896
258.5 96656896
259 96656896
259.5 96656896
260 96656896
260.5 96656896
261 96656896
261.5 96703232
262 96656896
262.5 96656896
263 96656896
263.5 73164544
264 117461760
264.5 96517888
265 96656896
265.5 96656896
266 96656896
266.5 96656896
267 96703232
267.5 96656896
268 96656896
268.5 96656896
269 96656896
269.5 96656896
270 94062080
270.5 95127808
271 96378880
271.5 96656896
272 96656896
272.5 96656896
273 96703232
273.5 96656896
274 96656896
274.5 96656896
275 96656896
275.5 96656896
276 96656896
276.5 96656896
277 96656896
277.5 96703232
278 96656896
278.5 96656896
279 96656896
279.5 96656896
280 96656896
280.5 96656896
281 96656896
281.5 96703232
282 96656896
282.5 96656896
283 96656896
283.5 96656896
284 95544832
284.5 94942464
285 96656896
285.5 96656896
286 96656896
286.5 96656896
287 96656896
287.5 96703232
288 96656896
288.5 96656896
289 96656896
289.5 96656896
290 83034112
290.5 107453184
291 95174144
291.5 96564224
292 96656896
292.5 96656896
293 96703232
293.5 96656896
294 96656896
294.5 96656896
295 96656896
295.5 96656896
296 96656896
296.5 96656896
297 96656896
297.5 96703232
298 96656896
298.5 96656896
299 96656896
299.5 96656896
300 96656896
300.5 96656896
301 96656896
301.5 96703232
302 96656896
302.5 96656896
303 96656896
303.5 96656896
304 96656896
304.5 95035136
305 95452160
305.5 96656896
306 96656896
306.5 96656896
307 96656896
307.5 96703232
308 96656896
308.5 96656896
309 96656896
309.5 96656896
310 96656896
310.5 84262016
311 105808256
311.5 95498496
312 96656896
312.5 96656896
313 96703232
313.5 96656896
314 96656896
314.5 96656896
315 96656896
315.5 96656896
316 96656896
316.5 96656896
317 96656896
317.5 96703232
318 96656896
318.5 96656896
319 96656896
319.5 96656896
320 96656896
320.5 96656896
321 96656896
321.5 96656896
322 96703232
322.5 96656896
323 96656896
323.5 96656896
324 96656896
324.5 85443584
325 105599744
325.5 96100864
326 96656896
326.5 96656896
327 96656896
327.5 96703232
328 96656896
328.5 96656896
329 96656896
329.5 96656896
330 96656896
330.5 96656896
331 95174144
331.5 94386432
332 96008192
332.5 96656896
333 96656896
333.5 96703232
334 96656896
334.5 96656896
335 96656896
335.5 96656896
336 96656896
336.5 96656896
337 96656896
337.5 96703232
338 96656896
338.5 96656896
339 96656896
339.5 96656896
340 96656896
340.5 96656896
341 96656896
341.5 96656896
342 96703232
342.5 96656896
343 96656896
343.5 96656896
344 96656896
344.5 96656896
345 75110656
345.5 115561984
346 96471552
346.5 96656896
347 96656896
347.5 96656896
348 96703232
348.5 96656896
349 96656896
349.5 96656896
350 96656896
350.5 96656896
351 96656896
351.5 94849792
352 94386432
352.5 96332544
353 96656896
353.5 96703232
354 96656896
354.5 96656896
355 96656896
355.5 96656896
356 96656896
356.5 96656896
357 96656896
357.5 96656896
358 96703232
358.5 96656896
359 96656896
359.5 96656896
360 96656896
360.5 96656896
361 96656896
361.5 96656896
362 96703232
362.5 96656896
363 96656896
363.5 96656896
364 96656896
364.5 96656896
365 96656896
365.5 95822848
366 94664448
366.5 96656896
367 96656896
367.5 96656896
368 96703232
368.5 96656896
369 96656896
369.5 96656896
370 96656896
370.5 96656896
371 96656896
371.5 84980224
372 105738752
372.5 94942464
373 96564224
373.5 96703232
374 96656896
374.5 96656896
375 96656896
375.5 96656896
376 96656896
376.5 96656896
377 96656896
377.5 96656896
378 96703232
378.5 96656896
379 96656896
379.5 96656896
380 96656896
380.5 96656896
381 96656896
381.5 96656896
382 96656896
382.5 96703232
383 96656896
383.5 96656896
384 96656896
384.5 96656896
385 96656896
385.5 96656896
386 95035136
386.5 95452160
387 96656896
387.5 96656896
388 96703232
388.5 96656896
389 96656896
389.5 96656896
390 96656896
390.5 96656896
391 96656896
391.5 96656896
392 86161792
392.5 103908480
393 95498496
393.5 96703232
394 96656896
394.5 96656896
395 96656896
395.5 96656896
396 96656896
396.5 96656896
397 96656896
397.5 96656896
398 96703232
398.5 96656896
399 96656896
399.5 96656896
400 96656896
400.5 96656896
401 96656896
401.5 96656896
402 96656896
402.5 96703232
403 96656896
403.5 96656896
404 96656896
404.5 96656896
405 96656896
405.5 96656896
406 87389696
406.5 103653632
407 96100864
407.5 96656896
408 96703232
408.5 96656896
409 96656896
409.5 96656896
410 96656896
410.5 96656896
411 96656896
411.5 96656896
412 96656896
412.5 95776512
413 93784064
413.5 96008192
414 96703232
414.5 96656896
415 96656896
415.5 96656896
416 96656896
416.5 96656896
417 96656896
417.5 96656896
418 96703232
418.5 96656896
419 96656896
419.5 96656896
420 96656896
420.5 96656896
421 96656896
421.5 96656896
422 96656896
422.5 96703232
423 96656896
423.5 96656896
424 96656896
424.5 96656896
425 96656896
425.5 96656896
426 96656896
426.5 70523392
427 120149248
427.5 96471552
428 96656896
428.5 96703232
429 96656896
429.5 96656896
430 96656896
430.5 96656896
431 96656896
431.5 96656896
432 96656896
432.5 96703232
433 94803456
433.5 94386432
434 96378880
434.5 96656896
435 96656896
435.5 96656896
436 96656896
436.5 96656896
437 96656896
437.5 96656896
438 96656896
438.5 96703232
439 96656896
439.5 96656896
440 96656896
440.5 96656896
441 96656896
441.5 96656896
442 96656896
442.5 96703232
443 96656896
443.5 96656896
444 96656896
444.5 96656896
445 96656896
445.5 96656896
446 96656896
446.5 96656896
447 95822848
447.5 94664448
448 96656896
448.5 96703232
449 96656896
449.5 96656896
450 96656896
450.5 96656896
451 96656896
451.5 96656896
452 96656896
452.5 96656896
453 87111680
453.5 103607296
454 94942464
454.5 96610560
455 96656896
455.5 96656896
456 96656896
456.5 96656896
457 96656896
457.5 96656896
458 96656896
458.5 96703232
459 96656896
459.5 96656896
460 96656896
460.5 96656896
461 96656896
461.5 96656896
462 96656896
462.5 96656896
463 96703232
463.5 96656896
464 96656896
464.5 96656896
465 96656896
465.5 96656896
466 96656896
466.5 96656896
467 96703232
467.5 94988800
468 95452160
468.5 96703232
469 96656896
469.5 96656896
470 96656896
470.5 96656896
471 96656896
471.5 96656896
472 96656896
472.5 96656896
473 96703232
473.5 88061568
474 101962368
474.5 95544832
475 96656896
475.5 96656896
476 96656896
476.5 96656896
477 96656896
477.5 96656896
478 96656896
478.5 96703232
479 96656896
479.5 96656896
480 96656896
480.5 96656896
481 96656896
481.5 96656896
482 96656896
482.5 96656896
483 96703232
483.5 96656896
484 96656896
484.5 96656896
485 96656896
485.5 96656896
486 96656896
486.5 96656896
487 96656896
487.5 89335808
488 101753856
488.5 96100864
489 96656896
489.5 96656896
490 96656896
490.5 96656896
491 96656896
491.5 96656896
492 96656896
492.5 96656896
493 96703232
493.5 96656896
494 95730176
494.5 93830400
495 96008192
495.5 96656896
496 96656896
496.5 96656896
497 96656896
497.5 96656896
498 96656896
498.5 96703232
499 96656896
499.5 96656896
500 96656896
500.5 96656896
501 96656896
501.5 96656896
502 96656896
502.5 96656896
503 96703232
503.5 96656896
504 96656896
504.5 96656896
505 96656896
505.5 96656896
506 96656896
506.5 96656896
507 96656896
507.5 96703232
508 69063808
508.5 121562496
509 96517888
509.5 96656896
510 96656896
510.5 96656896
511 96656896
511.5 96656896
512 96656896
512.5 96656896
513 96703232
513.5 96656896
514 96656896
514.5 94849792
515 94340096
515.5 96378880
516 96656896
516.5 96656896
517 96656896
517.5 96656896
518 96656896
518.5 96656896
519 96703232
519.5 96656896
520 96656896
520.5 96656896
521 96656896
521.5 96656896
522 96656896
522.5 96656896
523 96703232
523.5 96656896
524 96656896
524.5 96656896
525 96656896
525.5 96656896
526 96656896
526.5 96656896
527 96656896
527.5 96703232
528 96656896
528.5 95776512
529 94710784
529.5 96656896
530 96656896
530.5 96656896
531 96656896
531.5 96656896
532 96656896
532.5 96656896
533 96656896
533.5 96703232
534 96656896
534.5 89011456
535 101661184
535.5 94942464
536 96610560
536.5 96656896
537 96656896
537.5 96656896
538 96656896
538.5 96656896
539 96703232
539.5 96656896
540 96656896
540.5 96656896
541 96656896
541.5 96656896
542 96656896
542.5 96656896
543 96656896
543.5 96703232
544 96656896
544.5 96656896
545 96656896
545.5 96656896
546 96656896
546.5 96656896
547 96656896
547.5 96703232
548 96656896
548.5 96656896
549 95035136
549.5 95452160
550 96656896
550.5 96656896
551 96656896
551.5 96656896
552 96656896
552.5 96656896
553 96656896
553.5 96703232
554 96656896
554.5 96656896
555 90239360
555.5 99784576
556 95544832
556.5 96656896
557 96656896
557.5 96656896
558 96656896
558.5 96656896
559 96703232
559.5 96656896
560 96656896
560.5 96656896
561 96656896
561.5 96656896
562 96656896
562.5 96656896
563 96656896
563.5 96703232
564 96656896
564.5 96656896
565 96656896
565.5 96656896
566 96656896
566.5 96656896
567 96656896
567.5 96656896
568 96703232
568.5 96656896
569 91420928
569.5 99622400
570 96100864
570.5 96656896
571 96656896
571.5 96656896
572 96656896
572.5 96656896
573 96656896
573.5 96703232
574 96656896
574.5 96656896
575 96656896
575.5 95730176
576 93830400
576.5 96008192
577 96656896
577.5 96656896
578 96656896
578.5 96656896
579 96656896
579.5 96703232
580 96656896
580.5 96656896
581 96656896
581.5 96656896
582 96656896
582.5 96656896
583 96656896
583.5 96703232
584 96656896
584.5 96656896
585 96656896
585.5 96656896
586 96656896
586.5 96656896
587 96656896
587.5 96656896
588 96703232
588.5 96656896
589 96656896
589.5 67650560
590 122975744
590.5 96517888
591 96656896
591.5 96656896
592 96656896
592.5 96656896
593 96656896
593.5 96656896
594 96703232
594.5 96656896
595 96656896
595.5 96656896
596 94849792
596.5 94340096
597 96378880
597.5 96656896
598 96656896
598.5 96656896
599 96656896
599.5 96703232
600 96656896
600.5 96656896
601 96656896
601.5 96656896
602 96656896
602.5 96656896
603 96656896
603.5 96656896
604 96703232
604.5 96656896
605 96656896
605.5 96656896
606 96656896
606.5 96656896
607 96656896
607.5 96656896
608 96703232
608.5 96656896
609 96656896
609.5 96656896
610 95776512
610.5 94710784
611 96656896
611.5 96656896
612 96656896
612.5 96656896
613 96656896
613.5 96656896
614 96703232
614.5 96656896
615 96656896
615.5 96656896
616 90957568
616.5 99761408
617 94942464
617.5 96564224
618 96656896
618.5 96656896
619 96656896
619.5 96703232
620 96656896
620.5 96656896
621 96656896
621.5 96656896
622 96656896
622.5 96656896
623 96656896
623.5 96656896
624 96703232
624.5 96656896
625 96656896
625.5 96656896
626 96656896
626.5 96656896
627 96656896
627.5 96656896
628 96656896
628.5 96703232
629 96656896
629.5 96656896
630 96656896
630.5 95035136
631 95452160
631.5 96656896
632 96656896
632.5 96656896
633 96656896
633.5 96656896
634 96703232
634.5 96656896
635 96656896
635.5 96656896
636 96656896
636.5 67372544
637 122697728
637.5 95498496
638 96656896
638.5 96656896
639 96656896
639.5 96703232
640 96656896
640.5 96656896
641 96656896
641.5 96656896
642 96656896
642.5 96656896
643 96656896
643.5 96656896
644 96703232
644.5 96656896
645 96656896
645.5 96656896
646 96656896
646.5 96656896
647 96656896
647.5 96656896
648 96656896
648.5 96703232
649 96656896
649.5 96656896
650 96656896
650.5 93367040
651 97676288
651.5 96100864
652 96656896
652.5 96656896
653 96656896
653.5 96656896
654 96703232
654.5 96656896
655 96656896
655.5 96656896
656 96656896
656.5 96656896
657 95776512
657.5 93784064
658 96008192
658.5 96656896
659 96656896
659.5 96656896
660 96703232
660.5 96656896
661 96656896
661.5 96656896
662 96656896
662.5 96656896
663 96656896
663.5 96656896
664 96703232
664.5 96656896
665 96656896
665.5 96656896
666 96656896
666.5 96656896
667 96656896
667.5 96656896
668 96656896
668.5 96703232
669 96656896
669.5 96656896
670 96656896
670.5 96656896
671 69782016
671.5 120890624
672 96471552
672.5 96656896
673 96656896
673.5 96656896
674 96656896
674.5 96703232
675 96656896
675.5 96656896
676 96656896
676.5 96656896
677 96656896
677.5 94849792
678 94340096
678.5 96378880
679 96656896
679.5 96656896
680 96703232
680.5 96656896
681 96656896
681.5 96656896
682 96656896
682.5 96656896
683 96656896
683.5 96656896
684 96656896
684.5 96703232
685 96656896
685.5 96656896
686 96656896
686.5 96656896
687 96656896
687.5 96656896
688 96656896
688.5 96703232
689 96656896
689.5 96656896
690 96656896
690.5 96656896
691 96656896
691.5 72932864
692 117554432
692.5 96656896
693 96656896
693.5 96656896
694 96656896
694.5 96703232
695 96656896
695.5 96656896
696 96656896
696.5 96656896
697 96656896
697.5 93089024
698 97629952
698.5 94942464
699 96564224
699.5 96656896
700 96703232
700.5 96656896
701 96656896
701.5 96656896
702 96656896
702.5 96656896
703 96656896
703.5 96656896
704 96656896
704.5 96703232
705 96656896
705.5 96656896
706 96656896
706.5 96656896
707 96656896
707.5 96656896
708 96656896
708.5 96656896
709 96703232
709.5 96656896
710 96656896
710.5 96656896
711 96656896
711.5 96656896
712 95035136
712.5 95452160
713 96656896
713.5 96656896
714 96656896
714.5 96703232
715 96656896
715.5 96656896
716 96656896
716.5 96656896
717 96656896
717.5 96656896
718 69318656
718.5 120751616
719 95498496
719.5 96656896
720 96703232
720.5 96656896
721 96656896
721.5 96656896
722 96656896
722.5 96656896
723 96656896
723.5 96656896
724 96656896
724.5 96703232
725 96656896
725.5 96656896
726 96656896
726.5 96656896
727 96656896
727.5 96656896
728 96656896
728.5 96656896
729 96703232
729.5 96656896
730 96656896
730.5 96656896
731 96656896
731.5 96656896
732 95313152
732.5 95730176
733 96100864
733.5 96656896
734 96656896
734.5 96703232
735 96656896
735.5 96656896
736 96656896
736.5 96656896
737 96656896
737.5 96656896
738 96656896
738.5 95776512
739 93784064
739.5 96008192
740 96656896
740.5 96703232
741 96656896
741.5 96656896
742 96656896
742.5 96656896
743 96656896
743.5 96656896
744 96656896
744.5 96703232
745 96656896
745.5 96656896
746 96656896
746.5 96656896
747 96656896
747.5 96656896
748 96656896
748.5 96656896
749 96703232
749.5 96656896
750 96656896
750.5 96656896
751 96656896
751.5 96656896
752 96656896
752.5 71728128
753 118944512
753.5 96471552
754 96656896
754.5 96656896
755 96703232
755.5 96656896
756 96656896
756.5 96656896
757 96656896
757.5 96656896
758 96656896
758.5 96656896
759 94849792
759.5 94386432
760 96332544
760.5 96703232
761 96656896
761.5 96656896
762 96656896
762.5 96656896
763 96656896
763.5 96656896
764 96656896
764.5 96656896
765 96703232
765.5 96656896
766 96656896
766.5 96656896
767 96656896
767.5 96656896
768 96656896
768.5 96656896
769 96703232
769.5 96656896
770 96656896
770.5 96656896
771 96656896
771.5 96656896
772 96656896
772.5 96656896
773 75064320
773.5 115422976
774 96656896
774.5 96656896
775 96703232
775.5 96656896
776 96656896
776.5 96656896
777 96656896
777.5 96656896
778 96656896
778.5 96656896
779 95035136
779.5 95683840
780 94942464
780.5 96610560
781 96656896
781.5 96656896
782 96656896
782.5 96656896
783 96656896
783.5 96656896
784 96656896
784.5 96656896
785 96703232
785.5 96656896
786 96656896
786.5 96656896
787 96656896
787.5 96656896
788 96656896
788.5 96656896
789 96656896
789.5 96703232
790 96656896
790.5 96656896
791 96656896
791.5 96656896
792 96656896
792.5 96656896
793 96656896
793.5 95081472
794 95405824
794.5 96656896
795 96703232
795.5 96656896
796 96656896
796.5 96656896
797 96656896
797.5 96656896
798 96656896
798.5 96656896
799 96656896
799.5 71450112
800 118620160
800.5 95498496
801 96703232
801.5 96656896
802 96656896
802.5 96656896
803 96656896
803.5 96656896
804 96656896
804.5 96656896
805 96703232
805.5 96656896
806 96656896
806.5 96656896
807 96656896
807.5 96656896
808 96656896
808.5 96656896
809 96656896
809.5 96703232
810 96656896
810.5 96656896
811 96656896
811.5 96656896
812 96656896
812.5 96656896
813 96656896
813.5 96656896
814 94432768
814.5 96054528
815 96656896
815.5 96703232
816 96656896
816.5 96656896
817 96656896
817.5 96656896
818 96656896
818.5 96656896
819 96656896
819.5 96703232
820 72400000
820.5 117114240
821 96054528
821.5 96656896
822 96656896
822.5 96656896
823 96656896
823.5 96656896
824 96656896
824.5 96656896
825 96656896
825.5 96703232
826 96656896
826.5 96656896
827 96656896
827.5 96656896
828 96656896
828.5 96656896
829 96656896
829.5 96703232
830 96656896
830.5 96656896
831 96656896
831.5 96656896
832 96656896
832.5 96656896
833 96656896
833.5 96656896
834 73674240
834.5 116998400
835 96471552
835.5 96703232
836 96656896
836.5 96656896
837 96656896
837.5 96656896
838 96656896
838.5 96656896
839 96656896
839.5 96656896
840 96703232
840.5 94849792
841 94340096
841.5 96378880
842 96656896
842.5 96656896
843 96656896
843.5 96656896
844 96656896
844.5 96656896
845 96656896
845.5 96703232
846 96656896
846.5 96656896
847 96656896
847.5 96656896
848 96656896
848.5 96656896
849 96656896
849.5 96656896
850 96703232
850.5 96656896
851 96656896
851.5 96656896
852 96656896
852.5 96656896
853 96656896
853.5 96656896
854 96703232
854.5 73558400
855 116882560
855.5 96703232
856 96656896
856.5 96656896
857 96656896
857.5 96656896
858 96656896
858.5 96656896
859 96656896
859.5 96656896
860 96703232
860.5 96656896
861 94015744
861.5 94942464
862 96610560
862.5 96656896
863 96656896
863.5 96656896
864 96656896
864.5 96656896
865 96656896
865.5 96703232
866 96656896
866.5 96656896
867 96656896
867.5 96656896
868 96656896
868.5 96656896
869 96656896
869.5 96656896
870 96703232
870.5 96656896
871 96656896
871.5 96656896
872 96656896
872.5 96656896
873 96656896
873.5 96656896
874 96656896
874.5 96703232
875 95035136
875.5 95452160
876 96656896
876.5 96656896
877 96656896
877.5 96656896
878 96656896
878.5 96656896
879 96656896
879.5 96656896
880 96703232
880.5 96656896
881 73349888
881.5 116674048
882 95544832
882.5 96656896
883 96656896
883.5 96656896
884 96656896
884.5 96656896
885 96656896
885.5 96703232
886 96656896
886.5 96656896
887 96656896
887.5 96656896
888 96656896
888.5 96656896
889 96656896
889.5 96656896
890 96703232
890.5 96656896
891 96656896
891.5 96656896
892 96656896
892.5 96656896
893 96656896
893.5 96656896
894 96656896
894.5 96703232
895 96656896
895.5 94386432
896 96100864
896.5 96656896
897 96656896
897.5 96656896
898 96656896
898.5 96656896
899 96656896
899.5 96656896
