0 2 -1
0.5 6 6
1 28 50
1.5 141 276
2 711 1416
2.5 835 4196
3 871 7476
3.5 902 10906
4 930 14496
4.5 953 18190
5 973 21930
5.5 990 25728
6 1004 29592
6.5 1014 33508
7 1023 37466
7.5 1029 41456
8 1033 45470
8.5 1037 49508
9 1038 53572
9.5 1039 57618
10 1039 61664
10.5 1039 65712
11 1039 69758
11.5 1039 73806
12 1040 77854
12.5 1042 81908
13 1046 85974
13.5 1050 90060
14 1057 94170
14.5 1065 98294
15 1076 102450
15.5 1090 106624
16 1106 110796
16.5 1125 114968
17 1149 119140
17.5 1176 123312
18 1208 127484
18.5 1243 131656
19 1284 135828
19.5 1043 139964
20 1085 144066
20.5 1122 148238
21 1155 152410
21.5 1184 156582
22 1208 160754
22.5 1229 164926
23 1246 169098
23.5 1262 173272
24 1273 177444
24.5 1283 181616
25 1290 185788
25.5 1044 189882
26 1068 193964
26.5 1089 198128
27 1106 202302
27.5 1121 206474
28 1132 210646
28.5 1141 214818
29 1149 218990
29.5 1153 223162
30 1157 227334
30.5 1159 231506
31 1160 235678
31.5 1160 239852
32 1160 244024
32.5 1160 248196
33 1160 252368
33.5 1161 256540
34 1163 260712
34.5 1166 264884
35 1169 269056
35.5 1176 273230
36 1183 277402
36.5 1193 281574
37 1206 285746
37.5 1221 289918
38 1240 294090
38.5 1262 298262
39 1289 302434
39.5 1044 306538
40 1086 310656
40.5 1122 314828
41 1154 319000
41.5 1182 323174
42 1206 327346
42.5 1227 331518
43 1244 335690
43.5 1258 339862
44 1270 344034
44.5 1279 348206
45 1286 352378
45.5 1031 355696
46 1050 360582
46.5 1074 364704
47 1093 368878
47.5 1110 373050
48 1124 377222
48.5 1135 381394
49 1143 385566
49.5 1150 389738
50 1154 393910
50.5 1158 398082
51 1159 402254
51.5 1160 406428
52 1160 410600
52.5 1160 414772
53 1160 418944
53.5 1160 423116
54 1161 427288
54.5 1163 431460
55 1167 435632
55.5 1171 439804
56 1177 443978
56.5 1185 448150
57 1196 452322
57.5 1210 456494
58 1226 460666
58.5 1245 464838
59 1268 469010
59.5 1296 473182
60 1055 477258
60.5 1095 481404
61 1130 485576
61.5 1161 489750
62 1188 493922
62.5 1211 498094
63 1231 502266
63.5 1248 506438
64 1262 510610
64.5 1272 514782
65 1281 518954
65.5 1287 523126
66 1031 526495
66.5 1056 531308
67 1079 535454
67.5 1098 539626
68 1114 543798
68.5 1127 547970
69 1137 552142
69.5 1145 556314
70 1151 560486
70.5 1155 564658
71 1158 568830
71.5 1160 573004
72 1160 577176
72.5 1160 581348
73 1160 585520
73.5 1160 589692
74 1160 593864
74.5 1162 598036
75 1164 602208
75.5 1167 606380
76 1172 610554
76.5 1179 614726
77 1188 618898
77.5 1199 623070
78 1213 627242
78.5 1230 631414
79 1250 635586
79.5 1275 639758
80 1037 643180
80.5 1065 647988
81 1104 652152
81.5 1138 656326
82 1168 660498
82.5 1194 664670
83 1216 668842
83.5 1235 673014
84 1252 677186
84.5 1265 681358
85 1274 685530
85.5 1282 689702
86 1289 693876
86.5 1036 697970
87 1062 702042
87.5 1084 706202
88 1102 710374
88.5 1117 714546
89 1129 718718
89.5 1139 722890
90 1147 727062
90.5 1152 731234
91 1156 735406
91.5 1159 739580
92 1160 743752
92.5 1160 747924
93 1160 752096
93.5 1160 756268
94 1160 760440
94.5 1161 764612
95 1162 768784
95.5 1165 772956
96 1168 777130
96.5 1174 781302
97 1181 785474
97.5 1190 789646
98 1203 793818
98.5 1217 797990
99 1235 802162
99.5 1256 806334
100 1281 810506
100.5 1037 813635
101 1075 818728
101.5 1113 822900
102 1146 827074
102.5 1175 831246
103 1200 835418
103.5 1221 839590
104 1239 843762
104.5 1255 847934
105 1267 852106
105.5 1277 856278
106 1284 860452
106.5 1289 864624
107 1043 868682
107.5 1067 872780
108 1088 876950
108.5 1106 881122
109 1121 885294
109.5 1132 889466
110 1141 893638
110.5 1148 897810
111 1153 901982
111.5 1157 906154
112 1159 910328
112.5 1160 914500
113 1160 918672
113.5 1160 922844
114 1160 927016
114.5 1160 931188
115 1161 935360
115.5 1163 939532
116 1166 943706
116.5 1169 947878
117 1175 952050
117.5 1183 956222
118 1193 960394
118.5 1206 964566
119 1221 968738
119.5 1240 972910
120 1262 977082
120.5 1288 981256
121 1043 985358
121.5 1085 989476
122 1121 993650
122.5 1154 997822
123 1182 1001994
123.5 1206 1006166
124 1226 1010338
124.5 1243 1014510
125 1258 1018682
125.5 1269 1022854
126 1279 1027026
126.5 1285 1031200
127 1031 1034608
127.5 1050 1039402
128 1073 1043526
128.5 1093 1047698
129 1109 1051870
129.5 1124 1056042
130 1135 1060214
130.5 1143 1064386
131 1150 1068558
131.5 1154 1072730
132 1158 1076904
132.5 1159 1081076
133 1160 1085248
133.5 1160 1089420
134 1160 1093592
134.5 1160 1097764
135 1160 1101936
135.5 1161 1106108
136 1163 1110280
136.5 1167 1114454
137 1170 1118626
137.5 1177 1122798
138 1185 1126970
138.5 1196 1131142
139 1209 1135314
139.5 1225 1139486
140 1245 1143658
140.5 1268 1147832
141 1295 1152004
141.5 1054 1156078
142 1094 1160226
142.5 1129 1164398
143 1161 1168570
143.5 1188 1172742
144 1211 1176914
144.5 1231 1181086
145 1247 1185258
145.5 1261 1189430
146 1272 1193602
146.5 1281 1197776
147 1287 1201948
147.5 1031 1205407
148 1056 1210130
148.5 1078 1214274
149 1098 1218446
149.5 1113 1222618
150 1127 1226790
150.5 1137 1230962
151 1145 1235134
151.5 1151 1239306
152 1155 1243480
152.5 1158 1247652
153 1160 1251824
153.5 1160 1255996
154 1160 1260168
154.5 1160 1264340
155 1160 1268512
155.5 1160 1272684
156 1162 1276856
156.5 1164 1281030
157 1167 1285202
157.5 1172 1289374
158 1179 1293546
158.5 1188 1297718
159 1199 1301890
159.5 1213 1306062
160 1229 1310234
160.5 1250 1314406
161 1274 1318580
161.5 1037 1322092
162 1064 1326808
162.5 1103 1330974
163 1138 1335146
163.5 1168 1339318
164 1194 1343490
164.5 1216 1347662
165 1235 1351834
165.5 1251 1356006
166 1264 1360178
166.5 1274 1364352
167 1282 1368524
167.5 1288 1372696
168 1036 1376790
168.5 1061 1380862
169 1083 1385022
169.5 1101 1389194
170 1117 1393366
170.5 1129 1397538
171 1139 1401710
171.5 1146 1405882
172 1152 1410056
172.5 1156 1414228
173 1159 1418400
173.5 1160 1422572
174 1160 1426744
174.5 1160 1430916
175 1160 1435088
175.5 1160 1439260
176 1161 1443432
176.5 1162 1447606
177 1165 1451778
177.5 1168 1455950
178 1174 1460122
178.5 1181 1464294
179 1190 1468466
179.5 1202 1472638
180 1217 1476810
180.5 1234 1480982
181 1256 1485156
181.5 1281 1489328
182 1037 1492547
182.5 1074 1497554
183 1112 1501722
183.5 1145 1505894
184 1174 1510066
184.5 1200 1514238
185 1221 1518410
185.5 1239 1522582
186 1255 1526754
186.5 1267 1530928
187 1277 1535100
187.5 1284 1539272
188 1289 1543444
188.5 1042 1547502
189 1067 1551604
189.5 1088 1555770
190 1105 1559942
190.5 1121 1564114
191 1132 1568286
191.5 1141 1572458
192 1148 1576630
192.5 1153 1580804
193 1157 1584976
193.5 1159 1589148
194 1160 1593320
194.5 1160 1597492
195 1160 1601664
195.5 1160 1605836
196 1160 1610008
196.5 1161 1614182
197 1163 1618354
197.5 1166 1622526
198 1169 1626698
198.5 1175 1630870
199 1183 1635042
199.5 1193 1639214
200 1206 1643386
200.5 1221 1647558
201 1239 1651732
201.5 1261 1655904
202 1287 1660076
202.5 1042 1664178
203 1084 1668298
203.5 1121 1672470
204 1153 1676642
204.5 1181 1680814
205 1205 1684986
205.5 1226 1689158
206 1243 1693330
206.5 1258 1697502
207 1269 1701676
207.5 1278 1705848
208 1285 1710020
208.5 1031 1713520
209 1049 1718222
209.5 1073 1722350
210 1092 1726518
210.5 1109 1730690
211 1124 1734862
211.5 1135 1739034
212 1143 1743206
212.5 1150 1747380
213 1154 1751552
213.5 1158 1755724
214 1159 1759896
214.5 1160 1764068
215 1160 1768240
215.5 1160 1772412
216 1160 1776584
216.5 1160 1780756
217 1161 1784930
217.5 1163 1789102
218 1166 1793274
218.5 1170 1797446
219 1177 1801618
219.5 1185 1805790
220 1196 1809962
220.5 1209 1814134
221 1225 1818308
221.5 1244 1822480
222 1267 1826652
222.5 1294 1830824
223 1053 1834898
223.5 1093 1839046
224 1129 1843218
224.5 1160 1847390
225 1187 1851562
225.5 1211 1855734
226 1230 1859906
226.5 1247 1864078
227 1261 1868252
227.5 1272 1872424
228 1280 1876596
228.5 1287 1880768
229 1031 1884311
229.5 1055 1888950
230 1078 1893094
230.5 1097 1897266
231 1113 1901438
231.5 1126 1905610
232 1137 1909782
232.5 1145 1913956
233 1151 1918128
233.5 1155 1922300
234 1158 1926472
234.5 1160 1930644
235 1160 1934816
235.5 1160 1938988
236 1160 1943160
236.5 1160 1947332
237 1160 1951506
237.5 1162 1955678
238 1164 1959850
238.5 1167 1964022
239 1172 1968194
239.5 1179 1972366
240 1187 1976538
240.5 1199 1980710
241 1213 1984882
241.5 1229 1989056
242 1249 1993228
242.5 1274 1997400
243 1037 2000996
243.5 1063 2005646
244 1102 2009794
244.5 1137 2013966
245 1167 2018138
245.5 1193 2022310
246 1216 2026482
246.5 1234 2030654
247 1251 2034828
247.5 1264 2039000
248 1274 2043172
248.5 1282 2047344
249 1288 2051516
249.5 1035 2055610
250 1061 2059698
250.5 1083 2063842
251 1101 2068014
251.5 1117 2072186
252 1129 2076358
252.5 1139 2080530
253 1146 2084704
253.5 1152 2088876
254 1156 2093048
254.5 1159 2097220
255 1160 2101392
255.5 1160 2105564
256 1160 2109736
256.5 1160 2113908
257 1160 2118082
257.5 1160 2122254
258 1162 2126426
258.5 1165 2130598
259 1168 2134770
259.5 1173 2138942
260 1181 2143114
260.5 1190 2147286
261 1202 2151458
261.5 1217 2155632
262 1234 2159804
262.5 1255 2163976
263 1280 2168148
263.5 1037 2171306
264 1073 2176376
264.5 1112 2180542
265 1145 2184714
265.5 1174 2188886
266 1199 2193058
266.5 1221 2197230
267 1239 2201404
267.5 1254 2205576
268 1267 2209748
268.5 1276 2213920
269 1284 2218092
269.5 1289 2222264
270 1042 2226324
270.5 1067 2230430
271 1087 2234590
271.5 1105 2238762
272 1120 2242934
272.5 1132 2247106
273 1141 2251280
273.5 1148 2255452
274 1153 2259624
274.5 1157 2263796
275 1159 2267968
275.5 1160 2272140
276 1160 2276312
276.5 1160 2280484
277 1160 2284656
277.5 1160 2288830
278 1161 2293002
278.5 1163 2297174
279 1165 2301346
279.5 1169 2305518
280 1175 2309690
280.5 1182 2313862
281 1193 2318034
281.5 1206 2322208
282 1220 2326380
282.5 1239 2330552
283 1261 2334724
283.5 1287 2338896
284 1041 2343020
284.5 1083 2347118
285 1120 2351290
285.5 1152 2355462
286 1180 2359634
286.5 1205 2363806
287 1226 2367978
287.5 1243 2372152
288 1258 2376324
288.5 1269 2380496
289 1278 2384668
289.5 1285 2388840
290 1031 2392424
290.5 1049 2397062
291 1072 2401170
291.5 1092 2405338
292 1109 2409510
292.5 1123 2413682
293 1134 2417856
293.5 1143 2422028
294 1149 2426200
294.5 1154 2430372
295 1158 2434544
295.5 1159 2438716
296 1160 2442888
296.5 1160 2447060
297 1160 2451232
297.5 1160 2455406
298 1160 2459578
298.5 1161 2463750
299 1163 2467922
299.5 1166 2472094
300 1170 2476266
300.5 1177 2480438
301 1185 2484610
301.5 1195 2488784
302 1209 2492956
302.5 1225 2497128
303 1244 2501300
303.5 1267 2505472
304 1294 2509644
304.5 1052 2513746
305 1092 2517866
305.5 1128 2522038
306 1159 2526210
306.5 1187 2530382
307 1210 2534554
307.5 1230 2538728
308 1247 2542900
308.5 1261 2547072
309 1271 2551244
309.5 1280 2555416
310 1287 2559588
310.5 1031 2563225
311 1055 2567792
311.5 1077 2571914
312 1097 2576086
312.5 1113 2580258
313 1126 2584432
313.5 1137 2588604
314 1144 2592776
314.5 1151 2596948
315 1155 2601120
315.5 1158 2605292
316 1160 2609464
316.5 1160 2613636
317 1160 2617808
317.5 1160 2621982
318 1160 2626154
318.5 1160 2630326
319 1162 2634498
319.5 1164 2638670
320 1167 2642842
320.5 1172 2647014
321 1179 2651186
321.5 1187 2655358
322 1198 2659532
322.5 1212 2663704
323 1229 2667876
323.5 1249 2672048
324 1273 2676220
324.5 1052 2679908
325 1062 2684466
325.5 1102 2688614
326 1136 2692786
326.5 1166 2696958
327 1193 2701130
327.5 1215 2705304
328 1234 2709476
328.5 1251 2713648
329 1264 2717820
329.5 1274 2721992
330 1282 2726164
330.5 1288 2730336
331 1035 2734444
331.5 1060 2738518
332 1082 2742662
332.5 1101 2746834
333 1116 2751006
333.5 1129 2755180
334 1139 2759352
334.5 1146 2763524
335 1152 2767696
335.5 1156 2771868
336 1159 2776040
336.5 1160 2780212
337 1160 2784384
337.5 1160 2788558
338 1160 2792730
338.5 1160 2796902
339 1160 2801074
339.5 1162 2805246
340 1165 2809418
340.5 1168 2813590
341 1173 2817762
341.5 1180 2821934
342 1190 2826108
342.5 1202 2830280
343 1216 2834452
343.5 1234 2838624
344 1255 2842796
344.5 1279 2846968
345 1037 2850210
345.5 1073 2855198
346 1111 2859362
346.5 1144 2863534
347 1173 2867706
347.5 1199 2871878
348 1220 2876052
348.5 1238 2880224
349 1254 2884396
349.5 1266 2888568
350 1276 2892740
350.5 1283 2896912
351 1289 2901084
351.5 1041 2905178
352 1066 2909252
352.5 1087 2913410
353 1105 2917582
353.5 1120 2921756
354 1131 2925928
354.5 1140 2930100
355 1148 2934272
355.5 1153 2938444
356 1157 2942616
356.5 1159 2946788
357 1160 2950960
357.5 1160 2955132
358 1160 2959306
358.5 1160 2963478
359 1160 2967650
359.5 1161 2971822
360 1163 2975994
360.5 1165 2980166
361 1169 2984338
361.5 1175 2988510
362 1182 2992684
362.5 1192 2996856
363 1205 3001028
363.5 1220 3005200
364 1238 3009372
364.5 1260 3013544
365 1286 3017716
365.5 1041 3021852
366 1082 3025938
366.5 1119 3030110
367 1152 3034282
367.5 1180 3038454
368 1204 3042628
368.5 1225 3046800
369 1242 3050972
369.5 1257 3055144
370 1269 3059316
370.5 1278 3063488
371 1285 3067660
371.5 1038 3071328
372 1048 3075892
372.5 1072 3079990
373 1092 3084158
373.5 1109 3088332
374 1123 3092504
374.5 1134 3096676
375 1142 3100848
375.5 1149 3105020
376 1154 3109192
376.5 1157 3113364
377 1159 3117536
377.5 1160 3121708
378 1160 3125882
378.5 1160 3130054
379 1160 3134226
379.5 1160 3138398
380 1161 3142570
380.5 1163 3146742
381 1166 3150914
381.5 1170 3155086
382 1177 3159258
382.5 1184 3163432
383 1195 3167604
383.5 1209 3171776
384 1224 3175948
384.5 1243 3180120
385 1266 3184292
385.5 1293 3188464
386 1051 3192566
386.5 1092 3196686
387 1127 3200858
387.5 1159 3205030
388 1186 3209204
388.5 1210 3213376
389 1230 3217548
389.5 1246 3221720
390 1261 3225892
390.5 1271 3230064
391 1280 3234236
391.5 1287 3238408
392 1031 3242127
392.5 1054 3246612
393 1077 3250734
393.5 1096 3254908
394 1112 3259080
394.5 1126 3263252
395 1136 3267424
395.5 1144 3271596
396 1151 3275768
396.5 1155 3279940
397 1158 3284112
397.5 1160 3288284
398 1160 3292458
398.5 1160 3296630
399 1160 3300802
399.5 1160 3304974
400 1160 3309146
400.5 1162 3313318
401 1164 3317490
401.5 1167 3321662
402 1171 3325834
402.5 1179 3330008
403 1187 3334180
403.5 1198 3338352
404 1212 3342524
404.5 1228 3346696
405 1249 3350868
405.5 1273 3355040
406 1095 3358812
406.5 1061 3363286
407 1101 3367434
407.5 1135 3371606
408 1166 3375780
408.5 1192 3379952
409 1215 3384124
409.5 1234 3388296
410 1250 3392468
410.5 1263 3396640
411 1274 3400812
411.5 1282 3404984
412 1288 3409156
412.5 1034 3413290
413 1060 3417338
413.5 1082 3421482
414 1101 3425656
414.5 1116 3429828
415 1129 3434000
415.5 1138 3438172
416 1146 3442344
416.5 1152 3446516
417 1156 3450688
417.5 1159 3454860
418 1160 3459034
418.5 1160 3463206
419 1160 3467378
419.5 1160 3471550
420 1160 3475722
420.5 1160 3479894
421 1162 3484066
421.5 1165 3488238
422 1168 3492410
422.5 1173 3496584
423 1180 3500756
423.5 1190 3504928
424 1202 3509100
424.5 1216 3513272
425 1233 3517444
425.5 1254 3521616
426 1279 3525788
426.5 1037 3528832
427 1072 3534018
427.5 1110 3538182
428 1143 3542354
428.5 1173 3546528
429 1198 3550700
429.5 1220 3554872
430 1238 3559044
430.5 1254 3563216
431 1266 3567388
431.5 1276 3571560
432 1283 3575732
432.5 1289 3579906
433 1041 3583998
433.5 1066 3588072
434 1087 3592232
434.5 1104 3596404
435 1120 3600576
435.5 1131 3604748
436 1140 3608920
436.5 1148 3613092
437 1153 3617264
437.5 1157 3621436
438 1159 3625608
438.5 1160 3629782
439 1160 3633954
439.5 1160 3638126
440 1160 3642298
440.5 1160 3646470
441 1161 3650642
441.5 1162 3654814
442 1165 3658986
442.5 1169 3663160
443 1175 3667332
443.5 1182 3671504
444 1192 3675676
444.5 1205 3679848
445 1220 3684020
445.5 1238 3688192
446 1260 3692364
446.5 1285 3696536
447 1040 3700672
447.5 1081 3704758
448 1119 3708930
448.5 1151 3713104
449 1180 3717276
449.5 1204 3721448
450 1225 3725620
450.5 1242 3729792
451 1257 3733964
451.5 1269 3738136
452 1278 3742308
452.5 1285 3746480
453 1084 3750240
453.5 1048 3754712
454 1071 3758810
454.5 1091 3762980
455 1108 3767152
455.5 1123 3771324
456 1134 3775496
456.5 1142 3779668
457 1149 3783840
457.5 1154 3788012
458 1157 3792184
458.5 1159 3796358
459 1160 3800530
459.5 1160 3804702
460 1160 3808874
460.5 1160 3813046
461 1160 3817218
461.5 1161 3821390
462 1163 3825562
462.5 1166 3829734
463 1170 3833908
463.5 1177 3838080
464 1184 3842252
464.5 1195 3846424
465 1208 3850596
465.5 1224 3854768
466 1243 3858940
466.5 1266 3863112
467 1293 3867286
467.5 1050 3871386
468 1091 3875506
468.5 1127 3879680
469 1158 3883852
469.5 1186 3888024
470 1209 3892196
470.5 1229 3896368
471 1246 3900540
471.5 1260 3904712
472 1271 3908884
472.5 1280 3913056
473 1286 3917230
473.5 1031 3921031
474 1054 3925432
474.5 1077 3929556
475 1096 3933728
475.5 1112 3937900
476 1126 3942072
476.5 1136 3946244
477 1144 3950416
477.5 1151 3954588
478 1155 3958760
478.5 1158 3962934
479 1160 3967106
479.5 1160 3971278
480 1160 3975450
480.5 1160 3979622
481 1160 3983794
481.5 1160 3987966
482 1161 3992138
482.5 1164 3996310
483 1167 4000484
483.5 1171 4004656
484 1178 4008828
484.5 1187 4013000
485 1198 4017172
485.5 1212 4021344
486 1228 4025516
486.5 1248 4029688
487 1272 4033860
487.5 1137 4037716
488 1061 4042108
488.5 1100 4046256
489 1135 4050428
489.5 1165 4054600
490 1192 4058772
490.5 1214 4062944
491 1233 4067116
491.5 1250 4071288
492 1263 4075460
492.5 1273 4079632
493 1282 4083806
493.5 1288 4087978
494 1034 4092110
494.5 1059 4096160
495 1082 4100304
495.5 1100 4104476
496 1116 4108648
496.5 1128 4112820
497 1138 4116992
497.5 1146 4121164
498 1152 4125336
498.5 1156 4129510
499 1159 4133682
499.5 1160 4137854
500 1160 4142026
500.5 1160 4146198
501 1160 4150370
501.5 1160 4154542
502 1160 4158714
502.5 1162 4162886
503 1165 4167060
503.5 1168 4171232
504 1173 4175404
504.5 1180 4179576
505 1189 4183748
505.5 1201 4187920
506 1216 4192092
506.5 1233 4196264
507 1254 4200436
507.5 1278 4204610
508 1037 4207591
508.5 1071 4212838
509 1109 4217004
509.5 1143 4221176
510 1172 4225348
510.5 1198 4229520
511 1219 4233692
511.5 1238 4237864
512 1254 4242036
512.5 1266 4246208
513 1276 4250382
513.5 1283 4254554
514 1289 4258726
514.5 1040 4262820
515 1065 4266892
515.5 1086 4271052
516 1104 4275224
516.5 1119 4279396
517 1131 4283568
517.5 1140 4287740
518 1148 4291912
518.5 1153 4296084
519 1156 4300258
519.5 1159 4304430
520 1160 4308602
520.5 1160 4312774
521 1160 4316946
521.5 1160 4321118
522 1160 4325290
522.5 1161 4329462
523 1162 4333636
523.5 1165 4337808
524 1169 4341980
524.5 1175 4346152
525 1182 4350324
525.5 1192 4354496
526 1205 4358668
526.5 1219 4362840
527 1238 4367012
527.5 1259 4371186
528 1285 4375358
528.5 1039 4379492
529 1081 4383580
529.5 1118 4387752
530 1150 4391924
530.5 1179 4396096
531 1203 4400268
531.5 1224 4404440
532 1242 4408612
532.5 1257 4412784
533 1268 4416956
533.5 1278 4421130
534 1285 4425302
534.5 1126 4429144
535 1047 4433532
535.5 1071 4437630
536 1091 4441800
536.5 1108 4445972
537 1123 4450144
537.5 1134 4454316
538 1142 4458488
538.5 1149 4462660
539 1154 4466834
539.5 1157 4471006
540 1159 4475178
540.5 1160 4479350
541 1160 4483522
541.5 1160 4487694
542 1160 4491866
542.5 1160 4496038
543 1161 4500210
543.5 1163 4504384
544 1166 4508556
544.5 1170 4512728
545 1176 4516900
545.5 1184 4521072
546 1195 4525244
546.5 1208 4529416
547 1223 4533588
547.5 1243 4537762
548 1265 4541934
548.5 1292 4546106
549 1049 4550208
549.5 1090 4554328
550 1126 4558500
550.5 1158 4562672
551 1185 4566844
551.5 1209 4571016
552 1229 4575188
552.5 1246 4579360
553 1260 4583532
553.5 1271 4587706
554 1280 4591878
554.5 1286 4596050
555 1031 4599945
555.5 1053 4604252
556 1076 4608376
556.5 1096 4612548
557 1112 4616720
557.5 1125 4620892
558 1136 4625064
558.5 1144 4629236
559 1150 4633410
559.5 1155 4637582
560 1158 4641754
560.5 1160 4645926
561 1160 4650098
561.5 1160 4654270
562 1160 4658442
562.5 1160 4662614
563 1160 4666786
563.5 1161 4670960
564 1164 4675132
564.5 1167 4679304
565 1171 4683476
565.5 1178 4687648
566 1187 4691820
566.5 1198 4695992
567 1212 4700164
567.5 1228 4704336
568 1248 4708510
568.5 1271 4712682
569 1184 4716628
569.5 1060 4720928
570 1099 4725076
570.5 1134 4729248
571 1165 4733420
571.5 1191 4737592
572 1214 4741764
572.5 1233 4745936
573 1250 4750108
573.5 1263 4754282
574 1273 4758454
574.5 1281 4762626
575 1288 4766798
575.5 1033 4770930
576 1059 4774980
576.5 1081 4779124
577 1100 4783296
577.5 1115 4787468
578 1128 4791640
578.5 1138 4795812
579 1146 4799984
579.5 1152 4804158
580 1155 4808330
580.5 1158 4812502
581 1160 4816674
581.5 1160 4820846
582 1160 4825018
582.5 1160 4829190
583 1160 4833362
583.5 1160 4837536
584 1162 4841708
584.5 1164 4845880
585 1168 4850052
585.5 1173 4854224
586 1180 4858396
586.5 1189 4862568
587 1201 4866740
587.5 1215 4870912
588 1232 4875086
588.5 1253 4879258
589 1278 4883430
589.5 1037 4886350
590 1070 4891658
590.5 1108 4895824
591 1142 4899996
591.5 1172 4904168
592 1197 4908340
592.5 1219 4912512
593 1237 4916684
593.5 1253 4920856
594 1266 4925030
594.5 1276 4929202
595 1283 4933374
595.5 1289 4937546
596 1040 4941640
596.5 1065 4945712
597 1086 4949872
597.5 1104 4954044
598 1119 4958216
598.5 1131 4962388
599 1140 4966560
599.5 1147 4970734
600 1153 4974906
600.5 1156 4979078
601 1159 4983250
601.5 1160 4987422
602 1160 4991594
602.5 1160 4995766
603 1160 4999938
603.5 1160 5004110
604 1161 5008284
604.5 1162 5012456
605 1165 5016628
605.5 1169 5020800
606 1175 5024972
606.5 1182 5029144
607 1192 5033316
607.5 1204 5037488
608 1219 5041662
608.5 1237 5045834
609 1259 5050006
609.5 1284 5054178
610 1038 5058312
610.5 1080 5062400
611 1117 5066572
611.5 1150 5070744
612 1178 5074916
612.5 1203 5079088
613 1224 5083260
613.5 1241 5087432
614 1257 5091606
614.5 1268 5095778
615 1278 5099950
615.5 1285 5104122
616 1167 5108048
616.5 1046 5112354
617 1070 5116452
617.5 1091 5120620
618 1108 5124792
618.5 1122 5128964
619 1134 5133136
619.5 1142 5137310
620 1149 5141482
620.5 1154 5145654
621 1157 5149826
621.5 1159 5153998
622 1160 5158170
622.5 1160 5162342
623 1160 5166514
623.5 1160 5170686
624 1160 5174860
624.5 1161 5179032
625 1163 5183204
625.5 1166 5187376
626 1170 5191548
626.5 1176 5195720
627 1184 5199892
627.5 1194 5204064
628 1208 5208236
628.5 1223 5212410
629 1242 5216582
629.5 1265 5220754
630 1291 5224926
630.5 1048 5229028
631 1089 5233148
631.5 1125 5237320
632 1157 5241492
632.5 1185 5245664
633 1208 5249836
633.5 1228 5254008
634 1245 5258182
634.5 1260 5262354
635 1271 5266526
635.5 1280 5270698
636 1286 5274870
636.5 1031 5277778
637 1053 5283074
637.5 1076 5287196
638 1095 5291368
638.5 1111 5295540
639 1125 5299712
639.5 1136 5303886
640 1144 5308058
640.5 1150 5312230
641 1155 5316402
641.5 1158 5320574
642 1160 5324746
642.5 1160 5328918
643 1160 5333090
643.5 1160 5337262
644 1160 5341436
644.5 1160 5345608
645 1161 5349780
645.5 1164 5353952
646 1167 5358124
646.5 1171 5362296
647 1178 5366468
647.5 1186 5370640
648 1197 5374812
648.5 1211 5378986
649 1227 5383158
649.5 1247 5387330
650 1271 5391502
650.5 1226 5395532
651 1059 5399748
651.5 1099 5403896
652 1133 5408068
652.5 1164 5412240
653 1191 5416412
653.5 1213 5420584
654 1233 5424758
654.5 1249 5428930
655 1263 5433102
655.5 1273 5437274
656 1281 5441446
656.5 1288 5445618
657 1033 5449752
657.5 1058 5453800
658 1081 5457944
658.5 1100 5462116
659 1115 5466288
659.5 1128 5470460
660 1138 5474634
660.5 1146 5478806
661 1152 5482978
661.5 1155 5487150
662 1158 5491322
662.5 1160 5495494
663 1160 5499666
663.5 1160 5503838
664 1160 5508012
664.5 1160 5512184
665 1160 5516356
665.5 1162 5520528
666 1164 5524700
666.5 1168 5528872
667 1173 5533044
667.5 1180 5537216
668 1189 5541388
668.5 1201 5545562
669 1215 5549734
669.5 1232 5553906
670 1253 5558078
670.5 1277 5562250
671 1037 5565262
671.5 1069 5570480
672 1108 5574644
672.5 1141 5578816
673 1171 5582988
673.5 1197 5587160
674 1218 5591332
674.5 1237 5595506
675 1253 5599678
675.5 1266 5603850
676 1275 5608022
676.5 1283 5612194
677 1289 5616366
677.5 1039 5620460
678 1064 5624532
678.5 1085 5628692
679 1103 5632864
679.5 1119 5637036
680 1131 5641210
680.5 1140 5645382
681 1147 5649554
681.5 1153 5653726
682 1156 5657898
682.5 1159 5662070
683 1160 5666242
683.5 1160 5670414
684 1160 5674586
684.5 1160 5678760
685 1160 5682932
685.5 1161 5687104
686 1162 5691276
686.5 1165 5695448
687 1169 5699620
687.5 1174 5703792
688 1182 5707964
688.5 1192 5712138
689 1204 5716310
689.5 1219 5720482
690 1237 5724654
690.5 1258 5728826
691 1284 5732998
691.5 1037 5736146
692 1079 5741220
692.5 1116 5745392
693 1149 5749564
693.5 1178 5753736
694 1202 5757908
694.5 1223 5762082
695 1241 5766254
695.5 1256 5770426
696 1268 5774598
696.5 1277 5778770
697 1284 5782942
697.5 1213 5786960
698 1046 5791174
698.5 1070 5795272
699 1090 5799440
699.5 1107 5803612
700 1122 5807786
700.5 1133 5811958
701 1142 5816130
701.5 1149 5820302
702 1153 5824474
702.5 1157 5828646
703 1159 5832818
703.5 1160 5836990
704 1160 5841162
704.5 1160 5845336
705 1160 5849508
705.5 1160 5853680
706 1161 5857852
706.5 1163 5862024
707 1166 5866196
707.5 1170 5870368
708 1176 5874540
708.5 1184 5878712
709 1194 5882886
709.5 1207 5887058
710 1223 5891230
710.5 1242 5895402
711 1264 5899574
711.5 1291 5903746
712 1047 5907848
712.5 1088 5911968
713 1125 5916140
713.5 1156 5920312
714 1184 5924484
714.5 1208 5928658
715 1228 5932830
715.5 1245 5937002
716 1259 5941174
716.5 1270 5945346
717 1279 5949518
717.5 1286 5953690
718 1031 5956682
718.5 1052 5961894
719 1075 5966016
719.5 1095 5970188
720 1111 5974362
720.5 1125 5978534
721 1136 5982706
721.5 1144 5986878
722 1150 5991050
722.5 1154 5995222
723 1158 5999394
723.5 1160 6003566
724 1160 6007738
724.5 1160 6011912
725 1160 6016084
725.5 1160 6020256
726 1160 6024428
726.5 1161 6028600
727 1164 6032772
727.5 1167 6036944
728 1171 6041116
728.5 1178 6045288
729 1186 6049462
729.5 1197 6053634
730 1211 6057806
730.5 1227 6061978
731 1247 6066150
731.5 1270 6070322
732 1268 6074436
732.5 1058 6078568
733 1098 6082716
733.5 1133 6086888
734 1163 6091060
734.5 1190 6095234
735 1213 6099406
735.5 1232 6103578
736 1249 6107750
736.5 1263 6111922
737 1273 6116094
737.5 1281 6120266
738 1288 6124438
738.5 1032 6128572
739 1058 6132620
739.5 1080 6136764
740 1099 6140936
740.5 1115 6145110
741 1128 6149282
741.5 1138 6153454
742 1145 6157626
742.5 1151 6161798
743 1155 6165970
743.5 1158 6170142
744 1160 6174314
744.5 1160 6178488
745 1160 6182660
745.5 1160 6186832
746 1160 6191004
746.5 1160 6195176
747 1162 6199348
747.5 1164 6203520
748 1168 6207692
748.5 1173 6211864
749 1180 6216038
749.5 1189 6220210
750 1200 6224382
750.5 1215 6228554
751 1231 6232726
751.5 1252 6236898
752 1277 6241070
752.5 1037 6244166
753 1068 6249300
753.5 1107 6253464
754 1141 6257636
754.5 1170 6261808
755 1196 6265982
755.5 1218 6270154
756 1237 6274326
756.5 1253 6278498
757 1265 6282670
757.5 1275 6286842
758 1283 6291014
758.5 1289 6295186
759 1039 6299280
759.5 1064 6303354
760 1085 6307512
760.5 1103 6311686
761 1118 6315858
761.5 1130 6320030
762 1140 6324202
762.5 1147 6328374
763 1152 6332546
763.5 1156 6336718
764 1159 6340890
764.5 1160 6345062
765 1160 6349236
765.5 1160 6353408
766 1160 6357580
766.5 1160 6361752
767 1161 6365924
767.5 1162 6370096
768 1165 6374268
768.5 1169 6378440
769 1174 6382614
769.5 1181 6386786
770 1191 6390958
770.5 1204 6395130
771 1219 6399302
771.5 1236 6403474
772 1258 6407646
772.5 1283 6411818
773 1037 6415058
773.5 1078 6420040
774 1116 6424212
774.5 1149 6428384
775 1177 6432558
775.5 1202 6436730
776 1223 6440902
776.5 1241 6445074
777 1256 6449246
777.5 1268 6453418
778 1277 6457590
778.5 1284 6461762
779 1255 6465864
779.5 1045 6469994
780 1069 6474092
780.5 1090 6478262
781 1107 6482434
781.5 1122 6486606
782 1133 6490778
782.5 1142 6494950
783 1149 6499122
783.5 1153 6503294
784 1157 6507466
784.5 1159 6511638
785 1160 6515812
785.5 1160 6519984
786 1160 6524156
786.5 1160 6528328
787 1160 6532500
787.5 1161 6536672
788 1163 6540844
788.5 1166 6545016
789 1170 6549188
789.5 1176 6553362
790 1183 6557534
790.5 1194 6561706
791 1207 6565878
791.5 1222 6570050
792 1241 6574222
792.5 1264 6578394
793 1290 6582566
793.5 1047 6586670
794 1088 6590788
794.5 1124 6594960
795 1156 6599134
795.5 1184 6603306
796 1208 6607478
796.5 1228 6611650
797 1245 6615822
797.5 1259 6619994
798 1270 6624166
798.5 1279 6628338
799 1286 6632510
799.5 1031 6635594
800 1052 6640714
800.5 1075 6644836
801 1094 6649010
801.5 1111 6653182
802 1125 6657354
802.5 1135 6661526
803 1143 6665698
803.5 1150 6669870
804 1154 6674042
804.5 1158 6678214
805 1159 6682388
805.5 1160 6686560
806 1160 6690732
806.5 1160 6694904
807 1160 6699076
807.5 1160 6703248
808 1161 6707420
808.5 1164 6711592
809 1167 6715764
809.5 1171 6719938
810 1178 6724110
810.5 1186 6728282
811 1197 6732454
811.5 1211 6736626
812 1227 6740798
812.5 1246 6744970
813 1270 6749142
813.5 1297 6753314
814 1057 6757390
814.5 1097 6761536
815 1132 6765708
815.5 1163 6769882
816 1190 6774054
816.5 1213 6778226
817 1232 6782398
817.5 1249 6786570
818 1262 6790742
818.5 1273 6794914
819 1281 6799086
819.5 1288 6803260
820 1031 6806385
820.5 1058 6811440
821 1080 6815586
821.5 1099 6819758
822 1115 6823930
822.5 1127 6828102
823 1138 6832274
823.5 1145 6836446
824 1151 6840618
824.5 1155 6844790
825 1158 6848962
825.5 1160 6853136
826 1160 6857308
826.5 1160 6861480
827 1160 6865652
827.5 1160 6869824
828 1160 6873996
828.5 1162 6878168
829 1164 6882340
829.5 1168 6886514
830 1172 6890686
830.5 1180 6894858
831 1189 6899030
831.5 1200 6903202
832 1214 6907374
832.5 1231 6911546
833 1252 6915718
833.5 1276 6919890
834 1037 6923070
834.5 1067 6928120
835 1106 6932284
835.5 1140 6936458
836 1170 6940630
836.5 1196 6944802
837 1218 6948974
837.5 1236 6953146
838 1252 6957318
838.5 1265 6961490
839 1275 6965662
839.5 1283 6969834
840 1289 6974008
840.5 1038 6978102
841 1063 6982174
841.5 1085 6986334
842 1103 6990506
842.5 1118 6994678
843 1130 6998850
843.5 1139 7003022
844 1147 7007194
844.5 1152 7011366
845 1156 7015538
845.5 1159 7019712
846 1160 7023884
846.5 1160 7028056
847 1160 7032228
847.5 1160 7036400
848 1160 7040572
848.5 1161 7044744
849 1162 7048916
849.5 1165 7053088
850 1169 7057262
850.5 1174 7061434
851 1181 7065606
851.5 1191 7069778
852 1204 7073950
852.5 1218 7078122
853 1236 7082294
853.5 1257 7086466
854 1283 7090640
854.5 1037 7093815
855 1077 7098860
855.5 1115 7103034
856 1148 7107206
856.5 1177 7111378
857 1201 7115550
857.5 1223 7119722
858 1240 7123894
858.5 1256 7128066
859 1268 7132238
859.5 1277 7136410
860 1284 7140584
860.5 1290 7144756
861 1045 7148814
861.5 1069 7152912
862 1089 7157082
862.5 1107 7161254
863 1122 7165426
863.5 1133 7169598
864 1141 7173770
864.5 1149 7177942
865 1153 7182114
865.5 1157 7186288
866 1159 7190460
866.5 1160 7194632
867 1160 7198804
867.5 1160 7202976
868 1160 7207148
868.5 1160 7211320
869 1161 7215492
869.5 1163 7219664
870 1166 7223838
870.5 1170 7228010
871 1176 7232182
871.5 1183 7236354
872 1194 7240526
872.5 1207 7244698
873 1222 7248870
873.5 1241 7253042
874 1263 7257214
874.5 1290 7261388
875 1046 7265490
875.5 1087 7269610
876 1123 7273782
876.5 1155 7277954
877 1183 7282126
877.5 1207 7286298
878 1227 7290470
878.5 1244 7294642
879 1259 7298814
879.5 1270 7302986
880 1279 7307160
880.5 1286 7311332
881 1031 7314498
881.5 1051 7319534
882 1075 7323658
882.5 1094 7327830
883 1110 7332002
883.5 1124 7336174
884 1135 7340346
884.5 1143 7344518
885 1150 7348690
885.5 1154 7352864
886 1158 7357036
886.5 1159 7361208
887 1160 7365380
887.5 1160 7369552
888 1160 7373724
888.5 1160 7377896
889 1160 7382068
889.5 1161 7386240
890 1163 7390414
890.5 1167 7394586
891 1171 7398758
891.5 1178 7402930
892 1186 7407102
892.5 1197 7411274
893 1210 7415446
893.5 1226 7419618
894 1246 7423790
894.5 1269 7427964
895 1297 7432136
895.5 1056 7436210
896 1096 7440358
896.5 1131 7444530
897 1162 7448702
897.5 1189 7452874
898 1212 7457046
898.5 1232 7461218
899 1248 7465390
899.5 1262 7469562
