0 2 -1
0.5 6 6
1 28 50
1.5 141 276
2 711 1416
2.5 291 3583
3 522 5289
3.5 526 7321
4 530 9369
4.5 534 11431
5 537 13481
5.5 541 15633
6 545 17777
6.5 549 19901
7 553 22041
7.5 557 24197
8 561 26367
8.5 565 28557
9 569 30761
9.5 572 32947
10 576 35145
10.5 580 37453
11 584 39753
11.5 588 42033
12 592 44329
12.5 596 46641
13 600 48967
13.5 604 51313
14 608 53651
14.5 611 55975
15 615 58331
15.5 619 60795
16 623 63251
16.5 627 65687
17 631 68139
17.5 635 70607
18 639 73089
18.5 643 75579
19 646 78045
19.5 650 80525
20 654 83037
20.5 658 85657
21 662 88269
21.5 666 90861
22 670 93469
22.5 674 96091
23 678 98729
23.5 682 101337
24 685 103959
24.5 689 106595
25 693 109265
25.5 697 112041
26 701 114809
26.5 705 117555
27 709 120319
27.5 713 123099
28 717 125857
28.5 720 128617
29 724 131395
29.5 728 134187
30 732 137013
30.5 736 139945
31 740 142869
31.5 744 145771
32 748 148691
32.5 752 151601
33 756 154501
33.5 759 157419
34 763 160351
34.5 767 163301
35 771 166283
35.5 775 169371
36 779 172449
36.5 783 175507
37 787 178569
37.5 791 181611
38 794 184667
38.5 798 187739
39 802 190829
39.5 806 193933
40 810 197073
40.5 814 200317
41 818 203551
41.5 822 206763
42 826 209943
42.5 830 213141
43 833 216353
43.5 837 219583
44 841 222827
44.5 845 226089
45 849 229385
45.5 853 232785
46 857 236173
46.5 861 239503
47 865 242839
47.5 868 246193
48 872 249561
48.5 876 252947
49 880 256347
49.5 884 259765
50 888 263217
50.5 892 266773
51 896 270287
51.5 900 273763
52 904 277257
52.5 907 280765
53 911 284291
53.5 915 287831
54 919 291389
54.5 923 294961
55 927 298571
55.5 931 302283
56 935 305913
56.5 939 309545
57 942 313193
57.5 946 316859
58 950 320539
58.5 954 324237
59 958 327949
59.5 962 331679
60 966 335445
60.5 970 339285
61 974 343059
61.5 977 346847
62 981 350653
62.5 985 354473
63 989 358311
63.5 993 362163
64 997 366033
64.5 1001 369917
65 1005 373841
65.5 1009 377797
66 1013 381727
66.5 1016 385671
67 1020 389633
67.5 1024 393609
68 1028 397603
68.5 1032 401611
69 1036 405637
69.5 1040 409677
70 1044 413757
70.5 1048 417831
71 1051 421915
71.5 1055 426017
72 1059 430133
72.5 1063 434267
73 1067 438415
73.5 1071 442579
74 1075 446753
74.5 1079 450925
75 1083 455097
75.5 1086 459269
76 1090 463441
76.5 1094 467613
77 1098 471785
77.5 1102 475957
78 1105 480129
78.5 1109 484303
79 1113 488475
79.5 1117 492647
80 1120 496819
80.5 1124 500991
81 1128 505163
81.5 1132 509335
82 1135 513507
82.5 1139 517681
83 1143 521853
83.5 1146 526025
84 1150 530197
84.5 1153 534369
85 1157 538541
85.5 1161 542713
86 1164 546885
86.5 1168 551057
87 1171 555231
87.5 1175 559403
88 1179 563575
88.5 1182 567747
89 1186 571919
89.5 1189 576091
90 1193 580263
90.5 1196 584435
91 1200 588607
91.5 1203 592781
92 1207 596953
92.5 1210 601125
93 1213 605297
93.5 1217 609469
94 1220 613641
94.5 1224 617813
95 1227 621985
95.5 1230 626159
96 1234 630331
96.5 1237 634503
97 1241 638675
97.5 1244 642847
98 1247 647019
98.5 1251 651191
99 1254 655363
99.5 1257 659535
100 1261 663709
100.5 1264 667881
101 1267 672053
101.5 1271 676225
102 1274 680397
102.5 1277 684569
103 1280 688741
103.5 1284 692913
104 1287 697085
104.5 1067 700505
105 1071 705425
105.5 1075 709597
106 1079 713769
106.5 1083 717941
107 1087 722113
107.5 1090 726285
108 1094 730457
108.5 1098 734629
109 1102 738801
109.5 1106 742975
110 1109 747147
110.5 1113 751319
111 1117 755491
111.5 1121 759663
112 1124 763835
112.5 1128 768007
113 1132 772179
113.5 1135 776351
114 1139 780525
114.5 1143 784697
115 1146 788869
115.5 1150 793041
116 1154 797213
116.5 1157 801385
117 1161 805557
117.5 1164 809729
118 1168 813903
118.5 1172 818075
119 1175 822247
119.5 1179 826419
120 1182 830591
120.5 1186 834763
121 1189 838935
121.5 1193 843107
122 1196 847279
122.5 1200 851453
123 1203 855625
123.5 1207 859797
124 1210 863969
124.5 1214 868141
125 1217 872313
125.5 1220 876485
126 1224 880657
126.5 1227 884829
127 1231 889003
127.5 1234 893175
128 1237 897347
128.5 1241 901519
129 1244 905691
129.5 1247 909863
130 1251 914035
130.5 1254 918207
131 1257 922381
131.5 1261 926553
132 1264 930725
132.5 1267 934897
133 1271 939069
133.5 1274 943241
134 1277 947413
134.5 1280 951585
135 1284 955757
135.5 1287 959931
136 1067 963199
136.5 1071 968268
137 1075 972440
137.5 1079 976612
138 1083 980784
138.5 1087 984956
139 1091 989128
139.5 1094 993300
140 1098 997472
140.5 1102 1001646
141 1106 1005818
141.5 1110 1009990
142 1113 1014162
142.5 1117 1018334
143 1121 1022506
143.5 1124 1026678
144 1128 1030850
144.5 1132 1035022
145 1136 1039196
145.5 1139 1043368
146 1143 1047540
146.5 1146 1051712
147 1150 1055884
147.5 1154 1060056
148 1157 1064228
148.5 1161 1068400
149 1165 1072572
149.5 1168 1076746
150 1172 1080918
150.5 1175 1085090
151 1179 1089262
151.5 1182 1093434
152 1186 1097606
152.5 1189 1101778
153 1193 1105950
153.5 1196 1110124
154 1200 1114296
154.5 1203 1118468
155 1207 1122640
155.5 1210 1126812
156 1214 1130984
156.5 1217 1135156
157 1221 1139328
157.5 1224 1143500
158 1227 1147674
158.5 1231 1151846
159 1234 1156018
159.5 1237 1160190
160 1241 1164362
160.5 1244 1168534
161 1248 1172706
161.5 1251 1176878
162 1254 1181050
162.5 1258 1185224
163 1261 1189396
163.5 1264 1193568
164 1267 1197740
164.5 1271 1201912
165 1274 1206084
165.5 1277 1210256
166 1281 1214428
166.5 1284 1218602
167 1287 1222774
167.5 1067 1225892
168 1071 1231112
168.5 1075 1235284
169 1079 1239456
169.5 1083 1243628
170 1087 1247800
170.5 1091 1251972
171 1094 1256144
171.5 1098 1260318
172 1102 1264490
172.5 1106 1268662
173 1110 1272834
173.5 1113 1277006
174 1117 1281178
174.5 1121 1285350
175 1125 1289522
175.5 1128 1293694
176 1132 1297868
176.5 1136 1302040
177 1139 1306212
177.5 1143 1310384
178 1147 1314556
178.5 1150 1318728
179 1154 1322900
179.5 1157 1327072
180 1161 1331244
180.5 1165 1335418
181 1168 1339590
181.5 1172 1343762
182 1175 1347934
182.5 1179 1352106
183 1182 1356278
183.5 1186 1360450
184 1189 1364622
184.5 1193 1368794
185 1196 1372968
185.5 1200 1377140
186 1203 1381312
186.5 1207 1385484
187 1210 1389656
187.5 1214 1393828
188 1217 1398000
188.5 1221 1402172
189 1224 1406346
189.5 1227 1410518
190 1231 1414690
190.5 1234 1418862
191 1238 1423034
191.5 1241 1427206
192 1244 1431378
192.5 1248 1435550
193 1251 1439722
193.5 1254 1443896
194 1258 1448068
194.5 1261 1452240
195 1264 1456412
195.5 1268 1460584
196 1271 1464756
196.5 1274 1468928
197 1277 1473100
197.5 1281 1477272
198 1284 1481446
198.5 1287 1485618
199 1067 1488586
199.5 1072 1493955
200 1075 1498127
200.5 1079 1502299
201 1083 1506471
201.5 1087 1510643
202 1091 1514815
202.5 1095 1518987
203 1098 1523161
203.5 1102 1527333
204 1106 1531505
204.5 1110 1535677
205 1114 1539849
205.5 1117 1544021
206 1121 1548193
206.5 1125 1552365
207 1128 1556539
207.5 1132 1560711
208 1136 1564883
208.5 1139 1569055
209 1143 1573227
209.5 1147 1577399
210 1150 1581571
210.5 1154 1585743
211 1158 1589915
211.5 1161 1594089
212 1165 1598261
212.5 1168 1602433
213 1172 1606605
213.5 1176 1610777
214 1179 1614949
214.5 1183 1619121
215 1186 1623293
215.5 1190 1627465
216 1193 1631639
216.5 1197 1635811
217 1200 1639983
217.5 1204 1644155
218 1207 1648327
218.5 1210 1652499
219 1214 1656671
219.5 1217 1660843
220 1221 1665015
220.5 1224 1669189
221 1228 1673361
221.5 1231 1677533
222 1234 1681705
222.5 1238 1685877
223 1241 1690049
223.5 1244 1694221
224 1248 1698393
224.5 1251 1702567
225 1254 1706739
225.5 1258 1710911
226 1261 1715083
226.5 1264 1719255
227 1268 1723427
227.5 1271 1727599
228 1274 1731771
228.5 1278 1735943
229 1281 1740117
229.5 1284 1744289
230 1287 1748461
230.5 1068 1752633
231 1072 1756799
231.5 1076 1760971
232 1079 1765143
232.5 1083 1769315
233 1087 1773487
233.5 1091 1777659
234 1095 1781833
234.5 1099 1786005
235 1102 1790177
235.5 1106 1794349
236 1110 1798521
236.5 1114 1802693
237 1117 1806865
237.5 1121 1811037
238 1125 1815209
238.5 1129 1819383
239 1132 1823555
239.5 1136 1827727
240 1140 1831899
240.5 1143 1836071
241 1147 1840243
241.5 1151 1844415
242 1154 1848587
242.5 1158 1852761
243 1161 1856933
243.5 1165 1861105
244 1169 1865277
244.5 1172 1869449
245 1176 1873621
245.5 1179 1877793
246 1183 1881965
246.5 1186 1886137
247 1190 1890311
247.5 1193 1894483
248 1197 1898655
248.5 1200 1902827
249 1204 1906999
249.5 1207 1911171
250 1211 1915343
250.5 1214 1919515
251 1217 1923687
251.5 1221 1927861
252 1224 1932033
252.5 1228 1936205
253 1231 1940377
253.5 1234 1944549
254 1238 1948721
254.5 1241 1952893
255 1245 1957065
255.5 1248 1961237
256 1251 1965411
256.5 1255 1969583
257 1258 1973755
257.5 1261 1977927
258 1265 1982099
258.5 1268 1986271
259 1271 1990443
259.5 1274 1994615
260 1278 1998789
260.5 1281 2002961
261 1284 2007133
261.5 1287 2011305
262 1067 2015262
262.5 1072 2019642
263 1076 2023814
263.5 1080 2027986
264 1083 2032158
264.5 1087 2036330
265 1091 2040504
265.5 1095 2044676
266 1099 2048848
266.5 1103 2053020
267 1106 2057192
267.5 1110 2061364
268 1114 2065536
268.5 1118 2069708
269 1121 2073880
269.5 1125 2078054
270 1129 2082226
270.5 1132 2086398
271 1136 2090570
271.5 1140 2094742
272 1143 2098914
272.5 1147 2103086
273 1151 2107258
273.5 1154 2111430
274 1158 2115604
274.5 1161 2119776
275 1165 2123948
275.5 1169 2128120
276 1172 2132292
276.5 1176 2136464
277 1179 2140636
277.5 1183 2144808
278 1186 2148982
278.5 1190 2153154
279 1193 2157326
279.5 1197 2161498
280 1200 2165670
280.5 1204 2169842
281 1207 2174014
281.5 1211 2178186
282 1214 2182358
282.5 1218 2186532
283 1221 2190704
283.5 1224 2194876
284 1228 2199048
284.5 1231 2203220
285 1235 2207392
285.5 1238 2211564
286 1241 2215736
286.5 1245 2219908
287 1248 2224082
287.5 1251 2228254
288 1255 2232426
288.5 1258 2236598
289 1261 2240770
289.5 1265 2244942
290 1268 2249114
290.5 1271 2253286
291 1275 2257458
291.5 1278 2261632
292 1281 2265804
292.5 1284 2269976
293 1288 2274148
293.5 1068 2278318
294 1072 2282486
294.5 1076 2286658
295 1080 2290830
295.5 1084 2295002
296 1087 2299174
296.5 1091 2303348
297 1095 2307520
297.5 1099 2311692
298 1103 2315864
298.5 1106 2320036
299 1110 2324208
299.5 1114 2328380
300 1118 2332552
300.5 1121 2336726
301 1125 2340898
301.5 1129 2345070
302 1133 2349242
302.5 1136 2353414
303 1140 2357586
303.5 1144 2361758
304 1147 2365930
304.5 1151 2370102
305 1154 2374276
305.5 1158 2378448
306 1162 2382620
306.5 1165 2386792
307 1169 2390964
307.5 1172 2395136
308 1176 2399308
308.5 1179 2403480
309 1183 2407652
309.5 1186 2411826
310 1190 2415998
310.5 1193 2420170
311 1197 2424342
311.5 1200 2428514
312 1204 2432686
312.5 1207 2436858
313 1211 2441030
313.5 1214 2445204
314 1218 2449376
314.5 1221 2453548
315 1225 2457720
315.5 1228 2461892
316 1231 2466064
316.5 1235 2470236
317 1238 2474408
317.5 1241 2478580
318 1245 2482754
318.5 1248 2486926
319 1252 2491098
319.5 1255 2495270
320 1258 2499442
320.5 1261 2503614
321 1265 2507786
321.5 1268 2511958
322 1271 2516130
322.5 1275 2520304
323 1278 2524476
323.5 1281 2528648
324 1284 2532820
324.5 1288 2536992
325 1067 2540649
325.5 1072 2545329
326 1076 2549501
326.5 1080 2553673
327 1084 2557845
327.5 1088 2562019
328 1091 2566191
328.5 1095 2570363
329 1099 2574535
329.5 1103 2578707
330 1107 2582879
330.5 1110 2587051
331 1114 2591223
331.5 1118 2595395
332 1122 2599569
332.5 1125 2603741
333 1129 2607913
333.5 1133 2612085
334 1136 2616257
334.5 1140 2620429
335 1144 2624601
335.5 1147 2628773
336 1151 2632947
336.5 1155 2637119
337 1158 2641291
337.5 1162 2645463
338 1165 2649635
338.5 1169 2653807
339 1172 2657979
339.5 1176 2662151
340 1180 2666323
340.5 1183 2670497
341 1187 2674669
341.5 1190 2678841
342 1194 2683013
342.5 1197 2687185
343 1201 2691357
343.5 1204 2695529
344 1208 2699701
344.5 1211 2703873
345 1214 2708047
345.5 1218 2712219
346 1221 2716391
346.5 1225 2720563
347 1228 2724735
347.5 1231 2728907
348 1235 2733079
348.5 1238 2737251
349 1242 2741425
349.5 1245 2745597
350 1248 2749769
350.5 1252 2753941
351 1255 2758113
351.5 1258 2762285
352 1262 2766457
352.5 1265 2770629
353 1268 2774801
353.5 1271 2778975
354 1275 2783147
354.5 1278 2787319
355 1281 2791491
355.5 1285 2795663
356 1288 2799835
356.5 1068 2804005
357 1072 2808173
357.5 1076 2812345
358 1080 2816517
358.5 1084 2820691
359 1088 2824863
359.5 1092 2829035
360 1095 2833207
360.5 1099 2837379
361 1103 2841551
361.5 1107 2845723
362 1110 2849895
362.5 1114 2854067
363 1118 2858241
363.5 1122 2862413
364 1125 2866585
364.5 1129 2870757
365 1133 2874929
365.5 1136 2879101
366 1140 2883273
366.5 1144 2887445
367 1147 2891617
367.5 1151 2895791
368 1155 2899963
368.5 1158 2904135
369 1162 2908307
369.5 1165 2912479
370 1169 2916651
370.5 1173 2920823
371 1176 2924995
371.5 1180 2929169
372 1183 2933341
372.5 1187 2937513
373 1190 2941685
373.5 1194 2945857
374 1197 2950029
374.5 1201 2954201
375 1204 2958373
375.5 1208 2962545
376 1211 2966719
376.5 1215 2970891
377 1218 2975063
377.5 1221 2979235
378 1225 2983407
378.5 1228 2987579
379 1232 2991751
379.5 1235 2995923
380 1238 3000095
380.5 1242 3004269
381 1245 3008441
381.5 1248 3012613
382 1252 3016785
382.5 1255 3020957
383 1258 3025129
383.5 1262 3029301
384 1265 3033473
384.5 1268 3037647
385 1272 3041819
385.5 1275 3045991
386 1278 3050163
386.5 1281 3054335
387 1285 3058507
387.5 1288 3062679
388 1067 3066036
388.5 1072 3071016
389 1076 3075188
389.5 1080 3079362
390 1084 3083534
390.5 1088 3087706
391 1092 3091878
391.5 1095 3096050
392 1099 3100222
392.5 1103 3104394
393 1107 3108566
393.5 1111 3112738
394 1114 3116912
394.5 1118 3121084
395 1122 3125256
395.5 1126 3129428
396 1129 3133600
396.5 1133 3137772
397 1137 3141944
397.5 1140 3146116
398 1144 3150288
398.5 1148 3154462
399 1151 3158634
399.5 1155 3162806
400 1158 3166978
400.5 1162 3171150
401 1166 3175322
401.5 1169 3179494
402 1173 3183666
402.5 1176 3187838
403 1180 3192012
403.5 1183 3196184
404 1187 3200356
404.5 1190 3204528
405 1194 3208700
405.5 1197 3212872
406 1201 3217044
406.5 1204 3221216
407 1208 3225390
407.5 1211 3229562
408 1215 3233734
408.5 1218 3237906
409 1222 3242078
409.5 1225 3246250
410 1228 3250422
410.5 1232 3254594
411 1235 3258766
411.5 1238 3262940
412 1242 3267112
412.5 1245 3271284
413 1249 3275456
413.5 1252 3279628
414 1255 3283800
414.5 1259 3287972
415 1262 3292144
415.5 1265 3296316
416 1268 3300490
416.5 1272 3304662
417 1275 3308834
417.5 1278 3313006
418 1282 3317178
418.5 1285 3321350
419 1288 3325522
419.5 1069 3329692
420 1073 3333860
420.5 1076 3338032
421 1080 3342206
421.5 1084 3346378
422 1088 3350550
422.5 1092 3354722
423 1096 3358894
423.5 1099 3363066
424 1103 3367238
424.5 1107 3371410
425 1111 3375584
425.5 1114 3379756
426 1118 3383928
426.5 1122 3388100
427 1126 3392272
427.5 1129 3396444
428 1133 3400616
428.5 1137 3404788
429 1140 3408960
429.5 1144 3413134
430 1148 3417306
430.5 1151 3421478
431 1155 3425650
431.5 1159 3429822
432 1162 3433994
432.5 1166 3438166
433 1169 3442338
433.5 1173 3446510
434 1176 3450684
434.5 1180 3454856
435 1183 3459028
435.5 1187 3463200
436 1190 3467372
436.5 1194 3471544
437 1197 3475716
437.5 1201 3479888
438 1204 3484062
438.5 1208 3488234
439 1211 3492406
439.5 1215 3496578
440 1218 3500750
440.5 1222 3504922
441 1225 3509094
441.5 1228 3513266
442 1232 3517438
442.5 1235 3521612
443 1239 3525784
443.5 1242 3529956
444 1245 3534128
444.5 1249 3538300
445 1252 3542472
445.5 1255 3546644
446 1259 3550816
446.5 1262 3554988
447 1265 3559162
447.5 1269 3563334
448 1272 3567506
448.5 1275 3571678
449 1278 3575850
449.5 1282 3580022
450 1285 3584194
450.5 1288 3588366
451 1069 3592535
451.5 1073 3596703
452 1077 3600877
452.5 1080 3605049
453 1084 3609221
453.5 1088 3613393
454 1092 3617565
454.5 1096 3621737
455 1100 3625909
455.5 1103 3630081
456 1107 3634253
456.5 1111 3638427
457 1115 3642599
457.5 1118 3646771
458 1122 3650943
458.5 1126 3655115
459 1129 3659287
459.5 1133 3663459
460 1137 3667631
460.5 1141 3671805
461 1144 3675977
461.5 1148 3680149
462 1151 3684321
462.5 1155 3688493
463 1159 3692665
463.5 1162 3696837
464 1166 3701009
464.5 1169 3705181
465 1173 3709355
465.5 1177 3713527
466 1180 3717699
466.5 1184 3721871
467 1187 3726043
467.5 1191 3730215
468 1194 3734387
468.5 1198 3738559
469 1201 3742731
469.5 1205 3746905
470 1208 3751077
470.5 1211 3755249
471 1215 3759421
471.5 1218 3763593
472 1222 3767765
472.5 1225 3771937
473 1229 3776109
473.5 1232 3780283
474 1235 3784455
474.5 1239 3788627
475 1242 3792799
475.5 1245 3796971
476 1249 3801143
476.5 1252 3805315
477 1255 3809487
477.5 1259 3813659
478 1262 3817833
478.5 1265 3822005
479 1269 3826177
479.5 1272 3830349
480 1275 3834521
480.5 1278 3838693
481 1282 3842865
481.5 1285 3847037
482 1288 3851209
482.5 1069 3855379
483 1073 3859549
483.5 1077 3863721
484 1081 3867893
484.5 1084 3872065
485 1088 3876237
485.5 1092 3880409
486 1096 3884581
486.5 1100 3888753
487 1103 3892925
487.5 1107 3897099
488 1111 3901271
488.5 1115 3905443
489 1118 3909615
489.5 1122 3913787
490 1126 3917959
490.5 1130 3922131
491 1133 3926303
491.5 1137 3930475
492 1141 3934649
492.5 1144 3938821
493 1148 3942993
493.5 1152 3947165
494 1155 3951337
494.5 1159 3955509
495 1162 3959681
495.5 1166 3963853
496 1170 3968027
496.5 1173 3972199
497 1177 3976371
497.5 1180 3980543
498 1184 3984715
498.5 1187 3988887
499 1191 3993059
499.5 1194 3997231
500 1198 4001403
500.5 1201 4005577
501 1205 4009749
501.5 1208 4013921
502 1212 4018093
502.5 1215 4022265
503 1218 4026437
503.5 1222 4030609
504 1225 4034781
504.5 1229 4038953
505 1232 4043127
505.5 1235 4047299
506 1239 4051471
506.5 1242 4055643
507 1246 4059815
507.5 1249 4063987
508 1252 4068159
508.5 1256 4072331
509 1259 4076505
509.5 1262 4080677
510 1265 4084849
510.5 1269 4089021
511 1272 4093193
511.5 1275 4097365
512 1279 4101537
512.5 1282 4105709
513 1285 4109881
513.5 1288 4114055
514 1069 4118220
514.5 1073 4122392
515 1077 4126564
515.5 1081 4130736
516 1085 4134908
516.5 1088 4139080
517 1092 4143252
517.5 1096 4147424
518 1100 4151596
518.5 1104 4155770
519 1107 4159942
519.5 1111 4164114
520 1115 4168286
520.5 1119 4172458
521 1122 4176630
521.5 1126 4180802
522 1130 4184974
522.5 1133 4189146
523 1137 4193320
523.5 1141 4197492
524 1144 4201664
524.5 1148 4205836
525 1152 4210008
525.5 1155 4214180
526 1159 4218352
526.5 1163 4222524
527 1166 4226696
527.5 1170 4230870
528 1173 4235042
528.5 1177 4239214
529 1180 4243386
529.5 1184 4247558
530 1187 4251730
530.5 1191 4255902
531 1194 4260074
531.5 1198 4264248
532 1201 4268420
532.5 1205 4272592
533 1208 4276764
533.5 1212 4280936
534 1215 4285108
534.5 1219 4289280
535 1222 4293452
535.5 1225 4297624
536 1229 4301798
536.5 1232 4305970
537 1236 4310142
537.5 1239 4314314
538 1242 4318486
538.5 1246 4322658
539 1249 4326830
539.5 1252 4331002
540 1256 4335174
540.5 1259 4339348
541 1262 4343520
541.5 1266 4347692
542 1269 4351864
542.5 1272 4356036
543 1275 4360208
543.5 1279 4364380
544 1282 4368552
544.5 1285 4372726
545 1288 4376898
545.5 1069 4381064
546 1073 4385236
546.5 1077 4389408
547 1081 4393580
547.5 1085 4397752
548 1089 4401924
548.5 1092 4406096
549 1096 4410268
549.5 1100 4414442
550 1104 4418614
550.5 1108 4422786
551 1111 4426958
551.5 1115 4431130
552 1119 4435302
552.5 1122 4439474
553 1126 4443646
553.5 1130 4447818
554 1134 4451992
554.5 1137 4456164
555 1141 4460336
555.5 1145 4464508
556 1148 4468680
556.5 1152 4472852
557 1155 4477024
557.5 1159 4481196
558 1163 4485368
558.5 1166 4489542
559 1170 4493714
559.5 1173 4497886
560 1177 4502058
560.5 1180 4506230
561 1184 4510402
561.5 1187 4514574
562 1191 4518746
562.5 1195 4522918
563 1198 4527092
563.5 1201 4531264
564 1205 4535436
564.5 1208 4539608
565 1212 4543780
565.5 1215 4547952
566 1219 4552124
566.5 1222 4556296
567 1226 4560470
567.5 1229 4564642
568 1232 4568814
568.5 1236 4572986
569 1239 4577158
569.5 1242 4581330
570 1246 4585502
570.5 1249 4589674
571 1252 4593846
571.5 1256 4598020
572 1259 4602192
572.5 1262 4606364
573 1266 4610536
573.5 1269 4614708
574 1272 4618880
574.5 1276 4623052
575 1279 4627224
575.5 1282 4631396
576 1285 4635570
576.5 1289 4639742
577 1069 4643907
577.5 1073 4648079
578 1077 4652251
578.5 1081 4656423
579 1085 4660595
579.5 1089 4664767
580 1092 4668939
580.5 1096 4673111
581 1100 4677285
581.5 1104 4681457
582 1108 4685629
582.5 1111 4689801
583 1115 4693973
583.5 1119 4698145
584 1123 4702317
584.5 1126 4706489
585 1130 4710663
585.5 1134 4714835
586 1137 4719007
586.5 1141 4723179
587 1145 4727351
587.5 1148 4731523
588 1152 4735695
588.5 1156 4739867
589 1159 4744039
589.5 1163 4748213
590 1166 4752385
590.5 1170 4756557
591 1173 4760729
591.5 1177 4764901
592 1181 4769073
592.5 1184 4773245
593 1188 4777417
593.5 1191 4781589
594 1195 4785763
594.5 1198 4789935
595 1202 4794107
595.5 1205 4798279
596 1209 4802451
596.5 1212 4806623
597 1215 4810795
597.5 1219 4814967
598 1222 4819139
598.5 1226 4823313
599 1229 4827485
599.5 1232 4831657
600 1236 4835829
600.5 1239 4840001
601 1243 4844173
601.5 1246 4848345
602 1249 4852517
602.5 1253 4856691
603 1256 4860863
603.5 1259 4865035
604 1263 4869207
604.5 1266 4873379
605 1269 4877551
605.5 1272 4881723
606 1276 4885895
606.5 1279 4890067
607 1282 4894241
607.5 1285 4898413
608 1289 4902585
608.5 1069 4906753
609 1073 4910923
609.5 1077 4915095
610 1081 4919267
610.5 1085 4923439
611 1089 4927611
611.5 1093 4931783
612 1096 4935957
612.5 1100 4940129
613 1104 4944301
613.5 1108 4948473
614 1112 4952645
614.5 1115 4956817
615 1119 4960989
615.5 1123 4965161
616 1126 4969333
616.5 1130 4973507
617 1134 4977679
617.5 1138 4981851
618 1141 4986023
618.5 1145 4990195
619 1148 4994367
619.5 1152 4998539
620 1156 5002711
620.5 1159 5006885
621 1163 5011057
621.5 1166 5015229
622 1170 5019401
622.5 1174 5023573
623 1177 5027745
623.5 1181 5031917
624 1184 5036089
624.5 1188 5040261
625 1191 5044435
625.5 1195 5048607
626 1198 5052779
626.5 1202 5056951
627 1205 5061123
627.5 1209 5065295
628 1212 5069467
628.5 1216 5073639
629 1219 5077811
629.5 1222 5081985
630 1226 5086157
630.5 1229 5090329
631 1233 5094501
631.5 1236 5098673
632 1239 5102845
632.5 1243 5107017
633 1246 5111189
633.5 1249 5115361
634 1253 5119535
634.5 1256 5123707
635 1259 5127879
635.5 1263 5132051
636 1266 5136223
636.5 1269 5140395
637 1273 5144567
637.5 1276 5148739
638 1279 5152913
638.5 1282 5157085
639 1286 5161257
639.5 1289 5165429
640 1070 5169596
640.5 1073 5173766
641 1077 5177938
641.5 1081 5182110
642 1085 5186282
642.5 1089 5190454
643 1093 5194628
643.5 1097 5198800
644 1100 5202972
644.5 1104 5207144
645 1108 5211316
645.5 1112 5215488
646 1115 5219660
646.5 1119 5223832
647 1123 5228004
647.5 1127 5232178
648 1130 5236350
648.5 1134 5240522
649 1138 5244694
649.5 1141 5248866
650 1145 5253038
650.5 1149 5257210
651 1152 5261382
651.5 1156 5265554
652 1159 5269728
652.5 1163 5273900
653 1167 5278072
653.5 1170 5282244
654 1174 5286416
654.5 1177 5290588
655 1181 5294760
655.5 1184 5298932
656 1188 5303106
656.5 1191 5307278
657 1195 5311450
657.5 1198 5315622
658 1202 5319794
658.5 1205 5323966
659 1209 5328138
659.5 1212 5332310
660 1216 5336482
660.5 1219 5340656
661 1222 5344828
661.5 1226 5349000
662 1229 5353172
662.5 1233 5357344
663 1236 5361516
663.5 1239 5365688
664 1243 5369860
664.5 1246 5374032
665 1249 5378206
665.5 1253 5382378
666 1256 5386550
666.5 1259 5390722
667 1263 5394894
667.5 1266 5399066
668 1269 5403238
668.5 1273 5407410
669 1276 5411582
669.5 1279 5415756
670 1282 5419928
670.5 1286 5424100
671 1289 5428272
671.5 1070 5432440
672 1074 5436610
672.5 1078 5440782
673 1081 5444954
673.5 1085 5449126
674 1089 5453298
674.5 1093 5457472
675 1097 5461644
675.5 1100 5465816
676 1104 5469988
676.5 1108 5474160
677 1112 5478332
677.5 1116 5482504
678 1119 5486676
678.5 1123 5490850
679 1127 5495022
679.5 1130 5499194
680 1134 5503366
680.5 1138 5507538
681 1141 5511710
681.5 1145 5515882
682 1149 5520054
682.5 1152 5524226
683 1156 5528400
683.5 1160 5532572
684 1163 5536744
684.5 1167 5540916
685 1170 5545088
685.5 1174 5549260
686 1177 5553432
686.5 1181 5557604
687 1184 5561776
687.5 1188 5565950
688 1192 5570122
688.5 1195 5574294
689 1198 5578466
689.5 1202 5582638
690 1205 5586810
690.5 1209 5590982
691 1212 5595154
691.5 1216 5599328
692 1219 5603500
692.5 1223 5607672
693 1226 5611844
693.5 1229 5616016
694 1233 5620188
694.5 1236 5624360
695 1240 5628532
695.5 1243 5632704
696 1246 5636878
696.5 1250 5641050
697 1253 5645222
697.5 1256 5649394
698 1260 5653566
698.5 1263 5657738
699 1266 5661910
699.5 1269 5666082
700 1273 5670254
700.5 1276 5674428
701 1279 5678600
701.5 1283 5682772
702 1286 5686944
702.5 1289 5691116
703 1070 5695281
703.5 1074 5699453
704 1078 5703625
704.5 1082 5707797
705 1085 5711969
705.5 1089 5716143
706 1093 5720315
706.5 1097 5724487
707 1101 5728659
707.5 1104 5732831
708 1108 5737003
708.5 1112 5741175
709 1116 5745347
709.5 1119 5749519
710 1123 5753693
710.5 1127 5757865
711 1131 5762037
711.5 1134 5766209
712 1138 5770381
712.5 1142 5774553
713 1145 5778725
713.5 1149 5782897
714 1152 5787071
714.5 1156 5791243
715 1160 5795415
715.5 1163 5799587
716 1167 5803759
716.5 1170 5807931
717 1174 5812103
717.5 1178 5816275
718 1181 5820447
718.5 1185 5824621
719 1188 5828793
719.5 1192 5832965
720 1195 5837137
720.5 1199 5841309
721 1202 5845481
721.5 1206 5849653
722 1209 5853825
722.5 1212 5857997
723 1216 5862171
723.5 1219 5866343
724 1223 5870515
724.5 1226 5874687
725 1230 5878859
725.5 1233 5883031
726 1236 5887203
726.5 1240 5891375
727 1243 5895549
727.5 1246 5899721
728 1250 5903893
728.5 1253 5908065
729 1256 5912237
729.5 1260 5916409
730 1263 5920581
730.5 1266 5924753
731 1270 5928925
731.5 1273 5933099
732 1276 5937271
732.5 1279 5941443
733 1283 5945615
733.5 1286 5949787
734 1289 5953959
734.5 1070 5958125
735 1074 5962297
735.5 1078 5966469
736 1082 5970641
736.5 1085 5974815
737 1089 5978987
737.5 1093 5983159
738 1097 5987331
738.5 1101 5991503
739 1105 5995675
739.5 1108 5999847
740 1112 6004019
740.5 1116 6008191
741 1120 6012365
741.5 1123 6016537
742 1127 6020709
742.5 1131 6024881
743 1134 6029053
743.5 1138 6033225
744 1142 6037397
744.5 1145 6041569
745 1149 6045741
745.5 1153 6049915
746 1156 6054087
746.5 1160 6058259
747 1163 6062431
747.5 1167 6066603
748 1171 6070775
748.5 1174 6074947
749 1178 6079119
749.5 1181 6083293
750 1185 6087465
750.5 1188 6091637
751 1192 6095809
751.5 1195 6099981
752 1199 6104153
752.5 1202 6108325
753 1206 6112497
753.5 1209 6116669
754 1213 6120843
754.5 1216 6125015
755 1219 6129187
755.5 1223 6133359
756 1226 6137531
756.5 1230 6141703
757 1233 6145875
757.5 1236 6150047
758 1240 6154219
758.5 1243 6158393
759 1247 6162565
759.5 1250 6166737
760 1253 6170909
760.5 1257 6175081
761 1260 6179253
761.5 1263 6183425
762 1266 6187597
762.5 1270 6191771
763 1273 6195943
763.5 1276 6200115
764 1280 6204287
764.5 1283 6208459
765 1286 6212631
765.5 1289 6216803
766 1070 6220968
766.5 1074 6225140
767 1078 6229312
767.5 1082 6233486
768 1086 6237658
768.5 1089 6241830
769 1093 6246002
769.5 1097 6250174
770 1101 6254346
770.5 1105 6258518
771 1108 6262690
771.5 1112 6266862
772 1116 6271036
772.5 1120 6275208
773 1123 6279380
773.5 1127 6283552
774 1131 6287724
774.5 1134 6291896
775 1138 6296068
775.5 1142 6300240
776 1145 6304412
776.5 1149 6308586
777 1153 6312758
777.5 1156 6316930
778 1160 6321102
778.5 1164 6325274
779 1167 6329446
779.5 1171 6333618
780 1174 6337790
780.5 1178 6341962
781 1181 6346136
781.5 1185 6350308
782 1188 6354480
782.5 1192 6358652
783 1195 6362824
783.5 1199 6366996
784 1202 6371168
784.5 1206 6375340
785 1209 6379514
785.5 1213 6383686
786 1216 6387858
786.5 1220 6392030
787 1223 6396202
787.5 1226 6400374
788 1230 6404546
788.5 1233 6408718
789 1237 6412890
789.5 1240 6417064
790 1243 6421236
790.5 1247 6425408
791 1250 6429580
791.5 1253 6433752
792 1257 6437924
792.5 1260 6442096
793 1263 6446268
793.5 1267 6450440
794 1270 6454614
794.5 1273 6458786
795 1276 6462958
795.5 1280 6467130
796 1283 6471302
796.5 1286 6475474
797 1289 6479646
797.5 1070 6483812
798 1074 6487984
798.5 1078 6492156
799 1082 6496330
799.5 1086 6500502
800 1090 6504674
800.5 1093 6508846
801 1097 6513018
801.5 1101 6517190
802 1105 6521362
802.5 1109 6525534
803 1112 6529708
803.5 1116 6533880
804 1120 6538052
804.5 1124 6542224
805 1127 6546396
805.5 1131 6550568
806 1135 6554740
806.5 1138 6558912
807 1142 6563084
807.5 1146 6567258
808 1149 6571430
808.5 1153 6575602
809 1156 6579774
809.5 1160 6583946
810 1164 6588118
810.5 1167 6592290
811 1171 6596462
811.5 1174 6600634
812 1178 6604808
812.5 1181 6608980
813 1185 6613152
813.5 1189 6617324
814 1192 6621496
814.5 1196 6625668
815 1199 6629840
815.5 1202 6634012
816 1206 6638186
816.5 1209 6642358
817 1213 6646530
817.5 1216 6650702
818 1220 6654874
818.5 1223 6659046
819 1227 6663218
819.5 1230 6667390
820 1233 6671562
820.5 1237 6675736
821 1240 6679908
821.5 1243 6684080
822 1247 6688252
822.5 1250 6692424
823 1253 6696596
823.5 1257 6700768
824 1260 6704940
824.5 1263 6709112
825 1267 6713286
825.5 1270 6717458
826 1273 6721630
826.5 1277 6725802
827 1280 6729974
827.5 1283 6734146
828 1286 6738318
828.5 1273 6742456
829 1070 6746655
829.5 1074 6750827
830 1078 6755001
830.5 1082 6759173
831 1086 6763345
831.5 1090 6767517
832 1094 6771689
832.5 1097 6775861
833 1101 6780033
833.5 1105 6784205
834 1109 6788377
834.5 1112 6792551
835 1116 6796723
835.5 1120 6800895
836 1124 6805067
836.5 1127 6809239
837 1131 6813411
837.5 1135 6817583
838 1138 6821755
838.5 1142 6825929
839 1146 6830101
839.5 1149 6834273
840 1153 6838445
840.5 1157 6842617
841 1160 6846789
841.5 1164 6850961
842 1167 6855133
842.5 1171 6859305
843 1175 6863479
843.5 1178 6867651
844 1182 6871823
844.5 1185 6875995
845 1189 6880167
845.5 1192 6884339
846 1196 6888511
846.5 1199 6892683
847 1203 6896855
847.5 1206 6901029
848 1210 6905201
848.5 1213 6909373
849 1216 6913545
849.5 1220 6917717
850 1223 6921889
850.5 1227 6926061
851 1230 6930233
851.5 1233 6934407
852 1237 6938579
852.5 1240 6942751
853 1244 6946923
853.5 1247 6951095
854 1250 6955267
854.5 1254 6959439
855 1257 6963611
855.5 1260 6967783
856 1263 6971957
856.5 1267 6976129
857 1270 6980301
857.5 1273 6984473
858 1277 6988645
858.5 1280 6992817
859 1283 6996989
859.5 1286 7001161
860 1197 7005149
860.5 1071 7009501
861 1074 7013673
861.5 1078 7017845
862 1082 7022017
862.5 1086 7026189
863 1090 7030361
863.5 1094 7034533
864 1098 7038705
864.5 1101 7042877
865 1105 7047049
865.5 1109 7051223
866 1113 7055395
866.5 1116 7059567
867 1120 7063739
867.5 1124 7067911
868 1128 7072083
868.5 1131 7076255
869 1135 7080427
869.5 1139 7084599
870 1142 7088773
870.5 1146 7092945
871 1150 7097117
871.5 1153 7101289
872 1157 7105461
872.5 1160 7109633
873 1164 7113805
873.5 1168 7117977
874 1171 7122151
874.5 1175 7126323
875 1178 7130495
875.5 1182 7134667
876 1185 7138839
876.5 1189 7143011
877 1192 7147183
877.5 1196 7151355
878 1199 7155527
878.5 1203 7159701
879 1206 7163873
879.5 1210 7168045
880 1213 7172217
880.5 1217 7176389
881 1220 7180561
881.5 1223 7184733
882 1227 7188905
882.5 1230 7193077
883 1234 7197251
883.5 1237 7201423
884 1240 7205595
884.5 1244 7209767
885 1247 7213939
885.5 1250 7218111
886 1254 7222283
886.5 1257 7226455
887 1260 7230629
887.5 1264 7234801
888 1267 7238973
888.5 1270 7243145
889 1273 7247317
889.5 1277 7251489
890 1280 7255661
890.5 1283 7259833
891 1287 7264005
891.5 1123 7267843
892 1071 7272344
892.5 1075 7276516
893 1078 7280688
893.5 1082 7284860
894 1086 7289032
894.5 1090 7293204
895 1094 7297376
895.5 1098 7301548
896 1101 7305720
896.5 1105 7309894
897 1109 7314066
897.5 1113 7318238
898 1116 7322410
898.5 1120 7326582
899 1124 7330754
899.5 1128 7334926
