0 -23168
0.5 162176
1 1019392
1.5 5235968
2 26411520
2.5 50205056
3 41887744
3.5 47818752
4 49023488
4.5 50042880
5 50876928
5.5 53657088
6 54166784
6.5 53657088
7 55371520
7.5 56668928
8 57085952
8.5 58383360
9 59912448
9.5 60097792
10 61951232
10.5 64963072
11 65287424
11.5 65009408
12 67001856
12.5 68391936
13 68762624
13.5 70569728
14 71820800
14.5 72515840
15 74369280
15.5 77566464
16 77149440
16.5 77844480
17 79605248
17.5 80578304
18 82107392
18.5 83682816
19 84933888
19.5 86462976
20 88455424
20.5 90540544
21 90494208
21.5 92023296
22 93413376
22.5 94849792
23 96332544
23.5 96656896
24 96656896
24.5 96656896
25 96703232
25.5 96656896
26 96656896
26.5 96656896
27 96656896
27.5 96656896
28 96656896
28.5 96656896
29 96656896
29.5 96703232
30 82987776
30.5 72237824
31 82246400
31.5 83729152
32 85258240
32.5 86694656
33 88687104
33.5 90262528
34 91328256
34.5 92301312
35 93737728
35.5 95266816
36 96564224
36.5 96656896
37 96656896
37.5 96656896
38 96656896
38.5 96656896
39 96656896
39.5 96656896
40 96703232
40.5 96656896
41 96656896
41.5 96656896
42 96656896
42.5 96656896
43 72932864
43.5 78539520
44 82663424
44.5 84099840
45 85628928
45.5 87621376
46 89196800
46.5 90401536
47 91142912
47.5 92672000
48 94108416
48.5 95637504
49 96656896
49.5 96656896
50 96656896
50.5 96703232
51 96656896
51.5 96656896
52 96656896
52.5 96656896
53 96656896
53.5 96656896
54 96656896
54.5 96656896
55 96703232
55.5 87806720
56 75110656
56.5 81551360
57 83034112
57.5 84470528
58 86601984
58.5 88084736
59 89474816
59.5 90077184
60 91513600
60.5 93042688
61 94479104
61.5 96054528
62 96656896
62.5 96656896
63 96656896
63.5 96656896
64 96656896
64.5 96656896
65 96656896
65.5 96703232
66 96656896
66.5 96656896
67 96656896
67.5 96656896
68 96656896
68.5 71797632
69 87273856
69.5 81875712
70 83497472
70.5 85443584
71 86972672
71.5 88594432
72 88918784
72.5 90447872
73 91884288
73.5 93413376
74 94849792
74.5 96332544
75 96656896
75.5 96656896
76 96703232
76.5 96656896
77 96656896
77.5 96656896
78 96656896
78.5 96656896
79 96656896
79.5 96656896
80 96656896
80.5 96703232
81 96656896
81.5 87667712
82 67557888
82.5 82431744
83 84331520
83.5 85860608
84 87667712
84.5 87853056
85 89289472
85.5 90818560
86 92254976
86.5 93737728
87 95266816
87.5 96564224
88 96656896
88.5 96656896
89 96656896
89.5 96656896
90 96656896
90.5 96656896
91 96703232
91.5 96656896
92 96656896
92.5 96656896
93 96656896
93.5 96656896
94 96656896
94.5 75110656
95 76593408
95.5 83265792
96 84748544
96.5 86787328
97 86694656
97.5 88177408
98 89706496
98.5 91142912
99 92672000
99.5 94108416
100 95730176
100.5 96564224
101 96656896
101.5 96703232
102 96656896
102.5 96656896
103 96656896
103.5 96656896
104 96656896
104.5 96656896
105 96656896
105.5 96656896
106 96703232
106.5 96656896
107 96332544
107.5 66955520
108 82107392
108.5 83729152
109 85767936
109.5 85582592
110 87111680
110.5 88548096
111 90077184
111.5 91513600
112 93042688
112.5 94710784
113 95822848
113.5 96656896
114 96656896
114.5 96656896
115 96656896
115.5 96656896
116 96656896
116.5 96703232
117 96656896
117.5 96656896
118 96656896
118.5 96656896
119 96656896
119.5 96656896
120 74322944
120.5 85721600
121 82709760
121.5 84655872
122 84609536
122.5 85953280
123 87482368
123.5 88918784
124 90447872
124.5 91884288
125 93691392
125.5 94896128
126 96008192
126.5 96656896
127 96656896
127.5 96703232
128 96656896
128.5 96656896
129 96656896
129.5 96656896
130 96656896
130.5 96656896
131 96656896
131.5 96703232
132 96656896
132.5 96656896
133 76269056
133.5 80995328
134 83497472
134.5 83543808
135 84887552
135.5 86323968
136 87853056
136.5 89289472
137 90818560
137.5 92625664
138 93969408
138.5 94896128
139 96332544
139.5 96656896
140 96656896
140.5 96656896
141 96656896
141.5 96656896
142 96703232
142.5 96656896
143 96656896
143.5 96656896
144 96656896
144.5 96656896
145 96656896
145.5 96656896
146 79280896
146.5 75666688
147 82570752
147.5 83729152
148 85258240
148.5 86694656
149 88223744
149.5 89660160
150 91606272
150.5 93089024
151 93737728
151.5 95266816
152 96517888
152.5 96656896
153 96703232
153.5 96656896
154 96656896
154.5 96656896
155 96656896
155.5 96656896
156 96656896
156.5 96656896
157 96703232
157.5 96656896
158 96656896
158.5 96656896
159 70199040
159.5 81273344
160 82663424
160.5 84099840
161 85628928
161.5 87065344
162 88548096
162.5 90586880
163 92069632
163.5 92764672
164 94108416
164.5 95637504
165 96656896
165.5 96656896
166 96656896
166.5 96656896
167 96656896
167.5 96656896
168 96703232
168.5 96656896
169 96656896
169.5 96656896
170 96656896
170.5 96656896
171 96656896
171.5 82848768
172 80114944
172.5 81551360
173 82987776
173.5 84516864
174 85953280
174.5 87482368
175 89521152
175.5 90957568
176 91837952
176.5 92996352
177 94525440
177.5 96008192
178 96656896
178.5 96703232
179 96656896
179.5 96656896
180 96656896
180.5 96656896
181 96656896
181.5 96656896
182 96656896
182.5 96656896
183 96703232
183.5 96656896
184 96656896
184.5 72793856
185 86231296
185.5 81922048
186 83358464
186.5 84887552
187 86370304
187.5 88455424
188 89845504
188.5 90911232
189 91930624
189.5 93367040
190 94896128
190.5 96332544
191 96656896
191.5 96656896
192 96656896
192.5 96656896
193 96656896
193.5 96703232
194 96656896
194.5 96656896
195 96656896
195.5 96656896
196 96656896
196.5 96656896
197 96656896
197.5 85211904
198 70013696
198.5 82292736
199 83729152
199.5 85397248
200 87297024
200.5 88733440
201 90030848
201.5 90772224
202 92301312
202.5 93737728
203 95266816
203.5 96517888
204 96703232
204.5 96656896
205 96656896
205.5 96656896
206 96656896
206.5 96656896
207 96656896
207.5 96656896
208 96656896
208.5 96703232
209 96656896
209.5 96656896
210 96656896
210.5 73813248
211 77659136
211.5 82663424
212 84331520
212.5 86184960
213 87621376
213.5 89104128
214 89706496
214.5 91142912
215 92672000
215.5 94108416
216 95637504
216.5 96656896
217 96656896
217.5 96656896
218 96656896
218.5 96656896
219 96703232
219.5 96656896
220 96656896
220.5 96656896
221 96656896
221.5 96656896
222 96656896
222.5 96656896
223 91374592
223.5 71589120
224 81551360
224.5 83312128
225 85072896
225.5 86601984
226 88131072
226.5 88548096
227 90077184
227.5 91513600
228 92996352
228.5 94525440
229 96008192
229.5 96703232
230 96656896
230.5 96656896
231 96656896
231.5 96656896
232 96656896
232.5 96656896
233 96656896
233.5 96656896
234 96703232
234.5 96656896
235 96656896
235.5 96656896
236 69318656
236.5 89706496
237 82292736
237.5 83960832
238 85628928
238.5 87065344
239 87436032
239.5 88965120
240 90401536
240.5 91930624
241 93367040
241.5 94896128
242 96332544
242.5 96656896
243 96656896
243.5 96656896
244 96656896
244.5 96703232
245 96656896
245.5 96656896
246 96656896
246.5 96656896
247 96656896
247.5 96656896
248 96656896
248.5 96656896
249 89474816
249.5 66214144
250 82848768
250.5 84655872
251 85999616
251.5 86370304
252 87806720
252.5 89335808
253 90772224
253.5 92301312
254 93737728
254.5 95452160
255 96378880
255.5 96656896
256 96656896
256.5 96656896
257 96656896
257.5 96656896
258 96656896
258.5 96656896
259 96656896
259.5 96703232
260 96656896
260.5 96656896
261 96656896
261.5 96656896
262 76500736
262.5 76083712
263 83682816
263.5 84980224
264 85211904
264.5 86740992
265 88177408
265.5 89706496
266 91142912
266.5 92672000
267 94525440
267.5 95313152
268 96564224
268.5 96656896
269 96656896
269.5 96656896
270 96703232
270.5 96656896
271 96656896
271.5 96656896
272 96656896
272.5 96656896
273 96656896
273.5 96656896
274 96656896
274.5 96703232
275 67511552
275.5 82617088
276 83960832
276.5 84146176
277 85582592
277.5 87111680
278 88548096
278.5 90077184
279 91513600
279.5 93506048
280 94432768
280.5 95637504
281 96656896
281.5 96656896
282 96656896
282.5 96656896
283 96656896
283.5 96656896
284 96656896
284.5 96656896
285 96703232
285.5 96656896
286 96656896
286.5 96656896
287 96656896
287.5 77844480
288 83729152
288.5 82941440
289 82987776
289.5 84516864
290 85953280
290.5 87482368
291 88918784
291.5 90401536
292 92486656
292.5 93506048
293 94525440
293.5 96008192
294 96656896
294.5 96656896
295 96656896
295.5 96656896
296 96703232
296.5 96656896
297 96656896
297.5 96656896
298 96656896
298.5 96656896
299 96656896
299.5 96656896
300 96703232
300.5 73790080
301 85188736
301.5 81968384
302 83358464
302.5 84887552
303 86323968
303.5 87806720
304 89335808
304.5 91420928
305 92625664
305.5 93367040
306 94849792
306.5 96378880
307 96656896
307.5 96656896
308 96656896
308.5 96656896
309 96656896
309.5 96656896
310 96656896
310.5 96703232
311 96656896
311.5 96656896
312 96656896
312.5 96656896
313 96656896
313.5 81922048
314 73303552
314.5 82246400
315 83775488
315.5 85211904
316 86740992
316.5 88270080
317 90308864
317.5 91559936
318 92393984
318.5 93784064
319 95220480
319.5 96564224
320 96656896
320.5 96656896
321 96656896
321.5 96703232
322 96656896
322.5 96656896
323 96656896
323.5 96656896
324 96656896
324.5 96656896
325 96656896
325.5 96703232
326 96656896
326.5 72423168
327 79049216
327.5 82617088
328 84146176
328.5 85582592
329 87297024
329.5 89150464
330 90447872
330.5 91513600
331 92625664
331.5 94154752
332 95637504
332.5 96656896
333 96656896
333.5 96656896
334 96656896
334.5 96656896
335 96656896
335.5 96656896
336 96656896
336.5 96703232
337 96656896
337.5 96656896
338 96656896
338.5 96656896
339 86370304
339.5 76593408
340 81551360
340.5 82987776
341 84516864
341.5 86231296
342 88038400
342.5 89474816
343 90447872
343.5 91559936
344 92996352
344.5 94525440
345 96008192
345.5 96656896
346 96656896
346.5 96656896
347 96703232
347.5 96656896
348 96656896
348.5 96656896
349 96656896
349.5 96656896
350 96656896
350.5 96656896
351 96656896
351.5 96703232
352 70314880
352.5 88710272
353 81922048
353.5 83358464
354 85211904
354.5 86926336
355 88455424
355.5 89474816
356 90401536
356.5 91930624
357 93367040
357.5 94896128
358 96332544
358.5 96656896
359 96656896
359.5 96656896
360 96656896
360.5 96656896
361 96656896
361.5 96656896
362 96703232
362.5 96656896
363 96656896
363.5 96656896
364 96656896
364.5 96656896
365 86972672
365.5 68252928
366 82292736
366.5 84146176
367 85814272
367.5 87528704
368 88362752
368.5 89335808
369 90772224
369.5 92254976
370 93784064
370.5 95220480
371 96564224
371.5 96656896
372 96656896
372.5 96703232
373 96656896
373.5 96656896
374 96656896
374.5 96656896
375 96656896
375.5 96656896
376 96656896
376.5 96656896
377 96703232
377.5 96656896
378 74693632
378.5 76778752
379 83126784
379.5 84702208
380 86509312
380.5 87343360
381 88223744
381.5 89660160
382 91189248
382.5 92625664
383 94154752
383.5 95637504
384 96656896
384.5 96656896
385 96656896
385.5 96656896
386 96656896
386.5 96656896
387 96656896
387.5 96703232
388 96656896
388.5 96656896
389 96656896
389.5 96656896
390 96656896
390.5 94896128
391 68067584
391.5 82107392
392 83590144
392.5 85536256
393 86323968
393.5 87065344
394 88594432
394.5 90030848
395 91559936
395.5 92996352
396 94525440
396.5 96008192
397 96656896
397.5 96656896
398 96703232
398.5 96656896
399 96656896
399.5 96656896
400 96656896
400.5 96656896
401 96656896
401.5 96656896
402 96656896
402.5 96703232
403 96656896
403.5 72840192
404 86833664
404.5 82524416
405 84470528
405.5 85304576
406 85999616
406.5 87436032
407 88965120
407.5 90401536
408 91930624
408.5 93367040
409 95174144
409.5 96054528
410 96656896
410.5 96656896
411 96656896
411.5 96656896
412 96656896
412.5 96656896
413 96703232
413.5 96656896
414 96656896
414.5 96656896
415 96656896
415.5 96656896
416 96656896
416.5 74832640
417 81736704
417.5 83543808
418 84238848
418.5 84841216
419 86370304
419.5 87806720
420 89335808
420.5 90772224
421 92301312
421.5 94340096
422 94849792
422.5 96332544
423 96656896
423.5 96703232
424 96656896
424.5 96656896
425 96656896
425.5 96656896
426 96656896
426.5 96656896
427 96656896
427.5 96656896
428 96703232
428.5 96656896
429 96656896
429.5 78261504
430 75991040
430.5 83219456
431 83775488
431.5 85211904
432 86740992
432.5 88177408
433 89660160
433.5 91235584
434 93274368
434.5 93969408
435 95220480
435.5 96564224
436 96656896
436.5 96656896
437 96656896
437.5 96656896
438 96656896
438.5 96703232
439 96656896
439.5 96656896
440 96656896
440.5 96656896
441 96656896
441.5 96656896
442 96656896
442.5 69318656
443 82200064
443.5 82617088
444 84146176
444.5 85582592
445 87065344
445.5 88594432
446 90169856
446.5 92162304
447 93042688
447.5 94108416
448 95637504
448.5 96656896
449 96656896
449.5 96703232
450 96656896
450.5 96656896
451 96656896
451.5 96656896
452 96656896
452.5 96656896
453 96656896
453.5 96703232
454 96656896
454.5 96656896
455 81366016
455.5 81551360
456 81551360
456.5 83034112
457 84470528
457.5 85999616
458 87436032
458.5 89196800
459 91003904
459.5 92115968
460 93042688
460.5 94479104
461 96054528
461.5 96656896
462 96656896
462.5 96656896
463 96656896
463.5 96656896
464 96656896
464.5 96703232
465 96656896
465.5 96656896
466 96656896
466.5 96656896
467 96656896
467.5 96656896
468 77357952
468.5 81713536
469 81875712
469.5 83404800
470 84841216
470.5 86370304
471 88131072
471.5 89891840
472 91235584
472.5 91884288
473 93413376
473.5 94849792
474 96332544
474.5 96656896
475 96703232
475.5 96656896
476 96656896
476.5 96656896
477 96656896
477.5 96656896
478 96656896
478.5 96656896
479 96703232
479.5 96656896
480 96656896
480.5 96656896
481 84470528
481.5 70755072
482 82246400
482.5 83775488
483 85211904
483.5 87111680
484 88779776
484.5 90308864
485 90818560
485.5 92254976
486 93784064
486.5 95220480
487 96564224
487.5 96656896
488 96656896
488.5 96656896
489 96656896
489.5 96656896
490 96703232
490.5 96656896
491 96656896
491.5 96656896
492 96656896
492.5 96656896
493 96656896
493.5 96656896
494 73488896
494.5 78029824
495 82617088
495.5 84146176
496 86045952
496.5 87714048
497 89335808
497.5 89706496
498 91189248
498.5 92625664
499 94154752
499.5 95591168
500 96656896
500.5 96703232
501 96656896
501.5 96656896
502 96656896
502.5 96656896
503 96656896
503.5 96656896
504 96656896
504.5 96656896
505 96703232
505.5 96656896
506 96656896
506.5 89891840
507 73071872
507.5 81551360
508 82987776
508.5 85026560
509 86555648
509.5 88362752
510 88733440
510.5 90030848
511 91513600
511.5 93042688
512 94479104
512.5 96054528
513 96656896
513.5 96656896
514 96656896
514.5 96656896
515 96656896
515.5 96703232
516 96656896
516.5 96656896
517 96656896
517.5 96656896
518 96656896
518.5 96656896
519 96656896
519.5 67882240
520 91189248
520.5 81875712
521 84007168
521.5 85443584
522 87389696
522.5 87667712
523 88918784
523.5 90447872
524 91884288
524.5 93413376
525 94849792
525.5 96332544
526 96703232
526.5 96656896
527 96656896
527.5 96656896
528 96656896
528.5 96656896
529 96656896
529.5 96656896
530 96656896
530.5 96703232
531 96656896
531.5 96656896
532 96656896
532.5 88733440
533 66538496
533.5 82895104
534 84377856
534.5 86370304
535 86601984
535.5 87853056
536 89289472
536.5 90818560
537 92254976
537.5 93784064
538 95220480
538.5 96564224
539 96656896
539.5 96656896
540 96656896
540.5 96656896
541 96703232
541.5 96656896
542 96656896
542.5 96656896
543 96656896
543.5 96656896
544 96656896
544.5 96656896
545 96656896
545.5 75759360
546 76500736
546.5 83265792
547 85397248
547.5 85582592
548 86694656
548.5 88223744
549 89660160
549.5 91189248
550 92625664
550.5 94201088
551 95683840
551.5 96564224
552 96656896
552.5 96656896
553 96656896
553.5 96656896
554 96656896
554.5 96656896
555 96656896
555.5 96656896
556 96703232
556.5 96656896
557 96656896
557.5 96656896
558 96656896
558.5 67140864
559 82153728
559.5 84377856
560 84563200
560.5 85628928
561 87065344
561.5 88594432
562 90030848
562.5 91559936
563 93135360
563.5 94757120
564 95637504
564.5 96656896
565 96656896
565.5 96656896
566 96656896
566.5 96703232
567 96656896
567.5 96656896
568 96656896
568.5 96656896
569 96656896
569.5 96656896
570 96656896
570.5 96656896
571 76408064
571.5 84238848
572 83265792
572.5 83636480
573 84470528
573.5 85999616
574 87436032
574.5 88918784
575 90447872
575.5 92069632
576 93923072
576.5 94479104
577 96054528
577.5 96656896
578 96656896
578.5 96656896
579 96656896
579.5 96656896
580 96656896
580.5 96656896
581 96656896
581.5 96703232
582 96656896
582.5 96656896
583 96656896
583.5 96656896
584 72353664
584.5 86022784
585 82570752
585.5 83404800
586 84841216
586.5 86323968
587 87853056
587.5 89289472
588 91096576
588.5 92857344
589 93459712
589.5 94896128
590 96332544
590.5 96656896
591 96656896
591.5 96656896
592 96703232
592.5 96656896
593 96656896
593.5 96656896
594 96656896
594.5 96656896
595 96656896
595.5 96656896
596 96656896
596.5 96703232
597 80809984
597.5 74369280
598 82292736
598.5 83729152
599 85258240
599.5 86694656
600 88223744
600.5 90030848
601 91745280
601.5 92579328
602 93737728
602.5 95266816
603 96564224
603.5 96656896
604 96656896
604.5 96656896
605 96656896
605.5 96656896
606 96656896
606.5 96656896
607 96703232
607.5 96656896
608 96656896
608.5 96656896
609 96656896
609.5 96656896
610 71542784
610.5 79929600
611 82663424
611.5 84099840
612 85628928
612.5 87065344
613 89011456
613.5 90633216
614 91652608
614.5 92672000
615 94108416
615.5 95637504
616 96656896
616.5 96656896
617 96656896
617.5 96656896
618 96703232
618.5 96656896
619 96656896
619.5 96656896
620 96656896
620.5 96656896
621 96656896
621.5 96656896
622 96703232
622.5 84887552
623 78029824
623.5 81551360
624 83034112
624.5 84470528
625 85999616
625.5 87945728
626 89567488
626.5 90725888
627 91513600
627.5 93042688
628 94479104
628.5 96054528
629 96656896
629.5 96656896
630 96656896
630.5 96656896
631 96656896
631.5 96656896
632 96656896
632.5 96656896
633 96703232
633.5 96656896
634 96656896
634.5 96656896
635 96656896
635.5 74878976
636 84192512
636.5 81875712
637 83404800
637.5 84841216
638 86926336
638.5 88409088
639 89845504
639.5 90447872
640 91884288
640.5 93413376
641 94849792
641.5 96332544
642 96656896
642.5 96656896
643 96656896
643.5 96703232
644 96656896
644.5 96656896
645 96656896
645.5 96656896
646 96656896
646.5 96656896
647 96656896
647.5 96703232
648 96656896
648.5 86231296
649 68994304
649.5 82246400
650 83775488
650.5 85860608
651 87297024
651.5 88965120
652 89289472
652.5 90772224
653 92301312
653.5 93737728
654 95266816
654.5 96564224
655 96656896
655.5 96656896
656 96656896
656.5 96656896
657 96656896
657.5 96656896
658 96656896
658.5 96703232
659 96656896
659.5 96656896
660 96656896
660.5 96656896
661 96656896
661.5 74369280
662 77103104
662.5 82756096
663 84748544
663.5 86231296
664 87992064
664.5 88177408
665 89706496
665.5 91142912
666 92672000
666.5 94108416
667 95637504
667.5 96656896
668 96656896
668.5 96656896
669 96703232
669.5 96656896
670 96656896
670.5 96656896
671 96656896
671.5 96656896
672 96656896
672.5 96656896
673 96656896
673.5 96703232
674 93413376
674.5 69504000
675 81736704
675.5 83636480
676 85119232
676.5 87065344
677 87111680
677.5 88548096
678 90077184
678.5 91513600
679 93042688
679.5 94479104
680 96054528
680.5 96656896
681 96656896
681.5 96656896
682 96656896
682.5 96656896
683 96656896
683.5 96656896
684 96703232
684.5 96656896
685 96656896
685.5 96656896
686 96656896
686.5 96656896
687 71403776
687.5 87945728
688 82478080
688.5 84053504
689 86092288
689.5 85999616
690 87482368
690.5 88918784
691 90447872
691.5 91884288
692 93413376
692.5 95035136
693 96147200
693.5 96656896
694 96656896
694.5 96703232
695 96656896
695.5 96656896
696 96656896
696.5 96656896
697 96656896
697.5 96656896
698 96656896
698.5 96656896
699 96703232
699.5 96656896
700 73349888
700.5 82802432
701 83034112
701.5 85072896
702 84933888
702.5 86323968
703 87853056
703.5 89289472
704 90818560
704.5 92254976
705 93969408
705.5 95266816
706 96332544
706.5 96656896
707 96656896
707.5 96656896
708 96656896
708.5 96656896
709 96656896
709.5 96703232
710 96656896
710.5 96656896
711 96656896
711.5 96656896
712 96656896
712.5 96656896
713 77520128
713.5 75898368
714 83868160
714.5 83960832
715 85258240
715.5 86694656
716 88177408
716.5 89706496
717 91142912
717.5 92996352
718 94293760
718.5 95266816
719 96517888
719.5 96656896
720 96703232
720.5 96656896
721 96656896
721.5 96656896
722 96656896
722.5 96656896
723 96656896
723.5 96656896
724 96656896
724.5 96703232
725 96656896
725.5 96656896
726 68391936
726.5 82756096
727 82987776
727.5 84099840
728 85582592
728.5 87111680
729 88548096
729.5 90077184
730 91930624
730.5 93367040
731 94154752
731.5 95637504
732 96656896
732.5 96656896
733 96656896
733.5 96656896
734 96656896
734.5 96656896
735 96703232
735.5 96656896
736 96656896
736.5 96656896
737 96656896
737.5 96656896
738 96656896
738.5 79929600
739 82663424
739.5 81922048
740 82987776
740.5 84516864
741 85953280
741.5 87482368
742 88918784
742.5 90911232
743 92486656
743.5 92996352
744 94525440
744.5 96008192
745 96656896
745.5 96703232
746 96656896
746.5 96656896
747 96656896
747.5 96656896
748 96656896
748.5 96656896
749 96656896
749.5 96656896
750 96703232
750.5 96656896
751 96656896
751.5 75875200
752 83149952
752.5 81922048
753 83358464
753.5 84887552
754 86323968
754.5 87853056
755 89845504
755.5 91374592
756 92115968
756.5 93367040
757 94896128
757.5 96332544
758 96656896
758.5 96656896
759 96656896
759.5 96656896
760 96656896
760.5 96703232
761 96656896
761.5 96656896
762 96656896
762.5 96656896
763 96656896
763.5 96656896
764 96656896
764.5 83497472
765 71728128
765.5 82292736
766 83729152
766.5 85258240
767 86694656
767.5 88826112
768 90262528
768.5 91189248
769 92301312
769.5 93737728
770 95266816
770.5 96517888
771 96656896
771.5 96703232
772 96656896
772.5 96656896
773 96656896
773.5 96656896
774 96656896
774.5 96656896
775 96656896
775.5 96703232
776 96656896
776.5 96656896
777 96656896
777.5 73118208
778 78354176
778.5 82663424
779 84099840
779.5 85721600
780 87667712
780.5 89104128
781 90355200
781.5 91142912
782 92672000
782.5 94108416
783 95637504
783.5 96656896
784 96656896
784.5 96656896
785 96656896
785.5 96656896
786 96656896
786.5 96703232
787 96656896
787.5 96656896
788 96656896
788.5 96656896
789 96656896
789.5 96656896
790 88455424
790.5 74508288
791 81551360
791.5 82987776
792 84655872
792.5 86601984
793 87992064
793.5 89428480
794 90030848
794.5 91559936
795 92996352
795.5 94525440
796 96008192
796.5 96656896
797 96703232
797.5 96656896
798 96656896
798.5 96656896
799 96656896
799.5 96656896
800 96656896
800.5 96656896
801 96656896
801.5 96703232
802 96656896
802.5 96656896
803 72400000
803.5 86625152
804 81922048
804.5 83590144
805 85489920
805.5 86926336
806 88455424
806.5 88965120
807 90401536
807.5 91930624
808 93367040
808.5 94896128
809 96332544
809.5 96656896
810 96656896
810.5 96656896
811 96656896
811.5 96656896
812 96703232
812.5 96656896
813 96656896
813.5 96656896
814 96656896
814.5 96656896
815 96656896
815.5 96656896
816 88038400
816.5 67187200
817 82617088
817.5 84331520
818 85953280
818.5 87436032
819 87806720
819.5 89335808
820 90772224
820.5 92301312
821 93737728
821.5 95266816
822 96517888
822.5 96703232
823 96656896
823.5 96656896
824 96656896
824.5 96656896
825 96656896
825.5 96656896
826 96656896
826.5 96656896
827 96703232
827.5 96656896
828 96656896
828.5 96656896
829 75249664
829.5 76639744
830 83219456
830.5 84933888
831 86416640
831.5 86740992
832 88177408
832.5 89706496
833 91142912
833.5 92672000
834 94108416
834.5 95730176
835 96564224
835.5 96656896
836 96656896
836.5 96656896
837 96656896
837.5 96703232
838 96656896
838.5 96656896
839 96656896
839.5 96656896
840 96656896
840.5 96656896
841 96656896
841.5 96656896
842 66816512
842.5 82107392
843 84007168
843.5 85350912
844 85582592
844.5 87111680
845 88548096
845.5 90077184
846 91513600
846.5 92996352
847 94896128
847.5 95683840
848 96656896
848.5 96656896
849 96656896
849.5 96656896
850 96656896
850.5 96656896
851 96656896
851.5 96656896
852 96656896
852.5 96703232
853 96656896
853.5 96656896
854 96656896
854.5 74925312
855 85258240
855.5 82987776
856 84331520
856.5 84516864
857 85953280
857.5 87436032
858 88965120
858.5 90401536
859 91930624
859.5 93830400
860 94757120
860.5 96008192
861 96656896
861.5 96656896
862 96656896
862.5 96656896
863 96703232
863.5 96656896
864 96656896
864.5 96656896
865 96656896
865.5 96656896
866 96656896
866.5 96656896
867 96656896
867.5 76917760
868 80717312
868.5 83358464
869 83358464
869.5 84841216
870 86370304
870.5 87806720
871 89335808
871.5 90772224
872 92811008
872.5 93830400
873 94849792
873.5 96378880
874 96656896
874.5 96656896
875 96656896
875.5 96656896
876 96656896
876.5 96656896
877 96656896
877.5 96656896
878 96703232
878.5 96656896
879 96656896
879.5 96656896
880 96656896
880.5 79744256
881 75388672
881.5 82339072
882 83775488
882.5 85211904
883 86740992
883.5 88177408
884 89706496
884.5 91745280
885 92903680
885.5 93784064
886 95220480
886.5 96564224
887 96656896
887.5 96656896
888 96656896
888.5 96703232
889 96656896
889.5 96656896
890 96656896
890.5 96656896
891 96656896
891.5 96656896
892 96656896
892.5 96656896
893 96703232
893.5 70616064
894 80856320
894.5 82617088
895 84146176
895.5 85582592
896 87111680
896.5 88594432
897 90679552
897.5 91930624
898 92718336
898.5 94154752
899 95637504
899.5 96656896
