0 2 -1
0.5 6 6
1 28 50
1.5 141 276
2 711 1416
2.5 328 3583
3 529 5391
3.5 540 7455
4 552 9571
4.5 563 11731
5 575 13927
5.5 587 16243
6 599 18581
6.5 610 20897
7 622 23287
7.5 634 25733
8 645 28197
8.5 657 30717
9 669 33303
9.5 683 35897
10 696 38571
10.5 710 41375
11 724 44193
11.5 738 46999
12 751 49891
12.5 765 52843
13 778 55811
13.5 792 58857
14 805 61957
14.5 819 65087
15 832 68297
15.5 846 71645
16 861 74975
16.5 877 78335
17 892 81771
17.5 908 85249
18 923 88793
18.5 939 92405
19 954 96071
19.5 970 99803
20 985 103621
20.5 1001 107529
21 1017 111435
21.5 1032 115407
22 1048 119439
22.5 1064 123533
23 1081 127691
23.5 1098 131863
24 1115 136035
24.5 1132 140207
25 1149 144381
25.5 1165 148553
26 1181 152725
26.5 1197 156897
27 1212 161069
27.5 1228 165241
28 1243 169413
28.5 1258 173585
29 1273 177757
29.5 1288 181931
30 579 185513
30.5 911 188631
31 927 192181
31.5 942 195795
32 958 199475
32.5 973 203217
33 989 207045
33.5 1005 210941
34 1020 214883
34.5 1036 218867
35 1051 222913
35.5 1068 227025
36 1085 231193
36.5 1102 235365
37 1119 239537
37.5 1136 243709
38 1152 247881
38.5 1168 252053
39 1184 256225
39.5 1200 260397
40 1216 264571
40.5 1231 268743
41 1246 272915
41.5 1261 277087
42 1276 281259
42.5 1291 285431
43 837 288579
43.5 915 291969
44 930 295537
44.5 946 299167
45 961 302863
45.5 977 306645
46 993 310495
46.5 1008 314397
47 1024 318331
47.5 1039 322331
48 1055 326393
48.5 1072 330521
49 1089 334693
49.5 1106 338865
50 1123 343037
50.5 1140 347211
51 1156 351383
51.5 1172 355555
52 1188 359727
52.5 1204 363899
53 1219 368071
53.5 1235 372243
54 1250 376415
54.5 1265 380587
55 1279 384761
55.5 1102 388551
56 903 391793
56.5 918 395313
57 934 398897
57.5 949 402543
58 965 406281
58.5 981 410083
59 996 413945
59.5 1012 417833
60 1027 421783
60.5 1043 425799
61 1058 429877
61.5 1076 434023
62 1093 438195
62.5 1110 442367
63 1127 446539
63.5 1143 450711
64 1160 454883
64.5 1176 459055
65 1192 463227
65.5 1207 467401
66 1223 471573
66.5 1238 475745
67 1253 479917
67.5 1268 484089
68 1283 488261
68.5 623 491360
69 906 495127
69.5 922 498661
70 937 502265
70.5 953 505953
71 969 509707
71.5 984 513531
72 1000 517369
72.5 1015 521273
73 1031 525239
73.5 1046 529271
74 1062 533365
74.5 1080 537523
75 1097 541695
75.5 1114 545867
76 1131 550041
76.5 1147 554213
77 1163 558385
77.5 1179 562557
78 1195 566729
78.5 1211 570901
79 1226 575073
79.5 1241 579245
80 1256 583417
80.5 1271 587591
81 1286 591763
81.5 496 595547
82 910 598463
82.5 925 602021
83 941 605661
83.5 957 609367
84 972 613151
84.5 988 616943
85 1003 620797
85.5 1019 624717
86 1034 628699
86.5 1050 632745
87 1066 636857
87.5 1084 641025
88 1101 645197
88.5 1118 649369
89 1134 653541
89.5 1151 657713
90 1167 661885
90.5 1183 666057
91 1199 670231
91.5 1214 674403
92 1230 678575
92.5 1245 682747
93 1260 686919
93.5 1275 691091
94 1290 695263
94.5 700 698505
95 913 701811
95.5 929 705405
96 945 709063
96.5 960 712809
97 976 716551
97.5 991 720357
98 1007 724229
98.5 1022 728163
99 1038 732163
99.5 1053 736225
100 1070 740357
100.5 1088 744525
101 1105 748697
101.5 1122 752871
102 1138 757043
102.5 1155 761215
103 1171 765387
103.5 1187 769559
104 1202 773731
104.5 1218 777903
105 1233 782075
105.5 1248 786247
106 1263 790421
106.5 1278 794593
107 1287 798751
107.5 901 801641
108 917 805185
108.5 933 808799
109 948 812501
109.5 964 816195
110 979 819955
110.5 995 823777
111 1010 827665
111.5 1026 831615
112 1041 835631
112.5 1057 839719
113 1074 843855
113.5 1091 848027
114 1109 852199
114.5 1125 856371
115 1142 860543
115.5 1158 864715
116 1174 868887
116.5 1190 873061
117 1206 877233
117.5 1221 881405
118 1237 885577
118.5 1252 889749
119 1267 893921
119.5 1281 898093
120 808 901301
120.5 905 905001
121 921 908571
121.5 936 912225
122 952 915877
122.5 967 919587
123 983 923363
123.5 998 927201
124 1014 931105
124.5 1029 935071
125 1045 939115
125.5 1061 943211
126 1078 947355
126.5 1095 951527
127 1112 955699
127.5 1129 959873
128 1146 964045
128.5 1162 968217
129 1178 972389
129.5 1194 976561
130 1209 980733
130.5 1225 984905
131 1240 989077
131.5 1255 993251
132 1270 997423
132.5 1285 1001595
133 450 1004887
133.5 909 1008383
134 924 1011987
134.5 940 1015593
135 955 1019257
135.5 971 1022983
136 986 1026775
136.5 1002 1030629
137 1017 1034549
137.5 1033 1038547
138 1048 1042603
138.5 1065 1046699
139 1082 1050857
139.5 1099 1055029
140 1116 1059201
140.5 1133 1063373
141 1149 1067545
141.5 1166 1071717
142 1182 1075891
142.5 1197 1080063
143 1213 1084235
143.5 1228 1088407
144 1244 1092579
144.5 1259 1096751
145 1273 1100923
145.5 1288 1105095
146 606 1108517
146.5 912 1111783
147 928 1115347
147.5 943 1118961
148 959 1122641
148.5 974 1126383
149 990 1130191
149.5 1005 1134061
150 1021 1138015
150.5 1036 1142033
151 1052 1146079
151.5 1069 1150191
152 1086 1154357
152.5 1103 1158529
153 1120 1162703
153.5 1137 1166875
154 1153 1171047
154.5 1169 1175219
155 1185 1179391
155.5 1201 1183563
156 1216 1187735
156.5 1232 1191907
157 1247 1196081
157.5 1262 1200253
158 1277 1204425
158.5 1292 1208597
159 886 1211627
159.5 916 1215135
160 931 1218703
160.5 947 1222333
161 962 1226029
161.5 978 1229787
162 993 1233609
162.5 1009 1237519
163 1024 1241493
163.5 1040 1245497
164 1056 1249559
164.5 1073 1253687
165 1090 1257859
165.5 1107 1262031
166 1124 1266203
166.5 1140 1270375
167 1157 1274547
167.5 1173 1278719
168 1189 1282893
168.5 1205 1287065
169 1220 1291237
169.5 1235 1295409
170 1250 1299581
170.5 1265 1303753
171 1280 1307925
171.5 993 1311501
172 904 1314959
172.5 919 1318479
173 935 1322061
173.5 950 1325709
174 966 1329419
174.5 981 1333195
175 997 1337059
175.5 1012 1340985
176 1028 1344949
176.5 1044 1348963
177 1059 1353043
177.5 1077 1357187
178 1094 1361359
178.5 1111 1365533
179 1128 1369705
179.5 1144 1373877
180 1161 1378049
180.5 1177 1382221
181 1192 1386393
181.5 1208 1390565
182 1224 1394737
182.5 1239 1398909
183 1254 1403083
183.5 1269 1407255
184 1283 1411427
184.5 525 1414569
185 907 1418291
185.5 923 1421827
186 938 1425425
186.5 954 1429089
187 969 1432817
187.5 985 1436635
188 1000 1440513
188.5 1016 1444437
189 1032 1448405
189.5 1047 1452435
190 1063 1456531
190.5 1081 1460689
191 1098 1464861
191.5 1115 1469033
192 1131 1473205
192.5 1148 1477377
193 1164 1481549
193.5 1180 1485723
194 1196 1489895
194.5 1212 1494067
195 1227 1498239
195.5 1242 1502411
196 1257 1506583
196.5 1272 1510755
197 1287 1514927
197.5 550 1518605
198 911 1521627
198.5 926 1525179
199 942 1528793
199.5 957 1532479
200 973 1536247
200.5 988 1540077
201 1004 1543963
201.5 1020 1547881
202 1035 1551865
202.5 1051 1555911
203 1067 1560023
203.5 1085 1564189
204 1102 1568363
204.5 1119 1572535
205 1135 1576707
205.5 1152 1580879
206 1168 1585051
206.5 1184 1589223
207 1200 1593395
207.5 1215 1597567
208 1230 1601739
208.5 1246 1605913
209 1261 1610085
209.5 1275 1614257
210 1291 1618429
210.5 780 1621615
211 914 1624967
211.5 930 1628535
212 945 1632175
212.5 961 1635895
213 976 1639677
213.5 992 1643523
214 1008 1647395
214.5 1023 1651329
215 1039 1655329
215.5 1054 1659391
216 1071 1663519
216.5 1088 1667691
217 1106 1671863
217.5 1122 1676035
218 1139 1680207
218.5 1155 1684379
219 1172 1688553
219.5 1187 1692725
220 1203 1696897
220.5 1219 1701069
221 1234 1705241
221.5 1249 1709413
222 1264 1713585
222.5 1279 1717757
223 1179 1721701
223.5 902 1724791
224 918 1728311
224.5 933 1731907
225 949 1735579
225.5 964 1739317
226 980 1743121
226.5 996 1746943
227 1011 1750831
227.5 1027 1754781
228 1042 1758795
228.5 1058 1762875
229 1075 1767019
229.5 1092 1771193
230 1109 1775365
230.5 1126 1779537
231 1143 1783709
231.5 1159 1787881
232 1175 1792053
232.5 1191 1796225
233 1207 1800397
233.5 1222 1804569
234 1237 1808743
234.5 1253 1812915
235 1267 1817087
235.5 1282 1821259
236 699 1824251
236.5 906 1828123
237 921 1831675
237.5 937 1835299
238 952 1838995
238.5 968 1842753
239 984 1846527
239.5 999 1850367
240 1015 1854269
240.5 1030 1858237
241 1046 1862267
241.5 1062 1866363
242 1079 1870521
242.5 1096 1874693
243 1113 1878865
243.5 1130 1883037
244 1147 1887209
244.5 1163 1891383
245 1179 1895555
245.5 1195 1899727
246 1210 1903899
246.5 1226 1908071
247 1241 1912243
247.5 1256 1916415
248 1271 1920587
248.5 1286 1924759
249 458 1928621
249.5 909 1931479
250 925 1935055
250.5 940 1938709
251 956 1942421
251.5 972 1946149
252 987 1949939
252.5 1003 1953795
253 1018 1957713
253.5 1034 1961697
254 1049 1965743
254.5 1066 1969863
255 1083 1974023
255.5 1100 1978195
256 1117 1982367
256.5 1134 1986539
257 1150 1990711
257.5 1166 1994883
258 1182 1999055
258.5 1198 2003227
259 1214 2007399
259.5 1229 2011573
260 1244 2015745
260.5 1259 2019917
261 1274 2024089
261.5 1289 2028261
262 654 2031563
262.5 913 2034847
263 929 2038459
263.5 944 2042127
264 960 2045805
264.5 975 2049549
265 991 2053355
265.5 1006 2057227
266 1022 2061161
266.5 1037 2065161
267 1053 2069241
267.5 1070 2073355
268 1087 2077523
268.5 1104 2081695
269 1121 2085867
269.5 1138 2090039
270 1154 2094213
270.5 1170 2098385
271 1186 2102557
271.5 1202 2106729
272 1217 2110901
272.5 1233 2115073
273 1248 2119245
273.5 1263 2123417
274 1277 2127589
274.5 1293 2131763
275 901 2134677
275.5 917 2138243
276 932 2141867
276.5 948 2145499
277 963 2149193
277.5 979 2152953
278 994 2156775
278.5 1010 2160663
279 1025 2164613
279.5 1041 2168649
280 1056 2172725
280.5 1074 2176853
281 1091 2181025
281.5 1108 2185197
282 1125 2189369
282.5 1141 2193541
283 1158 2197713
283.5 1174 2201885
284 1190 2206057
284.5 1205 2210229
285 1221 2214403
285.5 1236 2218575
286 1251 2222747
286.5 1266 2226919
287 1281 2231091
287.5 884 2234451
288 905 2238065
288.5 920 2241645
289 936 2245227
289.5 951 2248875
290 967 2252585
290.5 982 2256361
291 998 2260199
291.5 1013 2264101
292 1029 2268093
292.5 1044 2272129
293 1060 2276209
293.5 1077 2280353
294 1095 2284525
294.5 1112 2288697
295 1129 2292869
295.5 1145 2297041
296 1161 2301215
296.5 1177 2305387
297 1193 2309559
297.5 1209 2313731
298 1224 2317903
298.5 1240 2322075
299 1255 2326247
299.5 1269 2330419
300 1284 2334593
300.5 471 2337778
301 908 2341455
301.5 924 2344993
302 939 2348591
302.5 955 2352255
303 970 2355981
303.5 986 2359771
304 1001 2363627
304.5 1017 2367573
305 1032 2371571
305.5 1048 2375601
306 1064 2379695
306.5 1081 2383855
307 1099 2388027
307.5 1116 2392199
308 1132 2396371
308.5 1149 2400543
309 1165 2404715
309.5 1181 2408887
310 1197 2413059
310.5 1212 2417233
311 1228 2421405
311.5 1243 2425577
312 1258 2429749
312.5 1273 2433921
313 1288 2438093
313.5 587 2441629
314 912 2444793
314.5 927 2448343
315 943 2451959
315.5 958 2455637
316 974 2459381
316.5 989 2463191
317 1005 2467089
317.5 1020 2471041
318 1036 2475029
318.5 1051 2479077
319 1068 2483187
319.5 1085 2487355
320 1103 2491527
320.5 1119 2495699
321 1136 2499871
321.5 1153 2504045
322 1169 2508217
322.5 1185 2512389
323 1200 2516561
323.5 1216 2520733
324 1231 2524905
324.5 1246 2529077
325 1261 2533249
325.5 1276 2537423
326 1292 2541595
326.5 858 2544721
327 915 2548133
327.5 931 2551699
328 946 2555331
328.5 962 2559025
329 977 2562793
329.5 993 2566641
330 1008 2570545
330.5 1024 2574495
331 1039 2578493
331.5 1055 2582557
332 1072 2586685
332.5 1089 2590857
333 1106 2595029
333.5 1123 2599201
334 1140 2603373
334.5 1156 2607545
335 1172 2611717
335.5 1188 2615889
336 1204 2620061
336.5 1219 2624235
337 1235 2628407
337.5 1250 2632579
338 1265 2636751
338.5 1280 2640923
339 1070 2644651
339.5 903 2647957
340 919 2651477
340.5 934 2655059
341 950 2658707
341.5 965 2662429
342 981 2666229
342.5 996 2670091
343 1012 2673995
343.5 1027 2677947
344 1043 2681961
344.5 1058 2686041
345 1076 2690185
345.5 1093 2694357
346 1110 2698529
346.5 1127 2702701
347 1144 2706875
347.5 1160 2711047
348 1176 2715219
348.5 1192 2719391
349 1208 2723563
349.5 1223 2727735
350 1238 2731907
350.5 1253 2736079
351 1268 2740251
351.5 1283 2744425
352 592 2747460
352.5 907 2751289
353 922 2754825
353.5 938 2758423
354 953 2762101
354.5 969 2765853
355 984 2769671
355.5 1000 2773533
356 1015 2777435
356.5 1031 2781403
357 1046 2785433
357.5 1062 2789529
358 1080 2793687
358.5 1097 2797859
359 1114 2802031
359.5 1131 2806203
360 1147 2810375
360.5 1164 2814547
361 1180 2818719
361.5 1195 2822891
362 1211 2827065
362.5 1226 2831237
363 1242 2835409
363.5 1257 2839581
364 1272 2843753
364.5 1286 2847925
365 512 2851679
365.5 910 2854625
366 926 2858177
366.5 941 2861809
367 957 2865513
367.5 972 2869291
368 988 2873105
368.5 1003 2876961
369 1019 2880879
369.5 1034 2884861
370 1050 2888909
370.5 1066 2893019
371 1084 2897187
371.5 1101 2901359
372 1118 2905531
372.5 1135 2909705
373 1151 2913877
373.5 1167 2918049
374 1183 2922221
374.5 1199 2926393
375 1215 2930565
375.5 1230 2934737
376 1245 2938909
376.5 1260 2943081
377 1275 2947255
377.5 1290 2951427
378 723 2954651
378.5 914 2957965
379 929 2961553
379.5 945 2965209
380 960 2968943
380.5 976 2972713
381 991 2976521
381.5 1007 2980391
382 1022 2984327
382.5 1038 2988325
383 1054 2992389
383.5 1070 2996517
384 1088 3000689
384.5 1105 3004861
385 1122 3009033
385.5 1138 3013205
386 1155 3017377
386.5 1171 3021549
387 1187 3025721
387.5 1203 3029895
388 1218 3034067
388.5 1233 3038239
389 1249 3042411
389.5 1263 3046583
390 1278 3050755
390.5 1255 3054851
391 902 3057789
391.5 917 3061333
392 933 3064941
392.5 948 3068633
393 964 3072359
393.5 979 3076117
394 995 3079941
394.5 1010 3083827
395 1026 3087779
395.5 1042 3091793
396 1057 3095873
396.5 1074 3100017
397 1092 3104189
397.5 1109 3108361
398 1126 3112535
398.5 1142 3116707
399 1158 3120879
399.5 1175 3125051
400 1190 3129223
400.5 1206 3133395
401 1222 3137567
401.5 1237 3141739
402 1252 3145911
402.5 1267 3150085
403 1282 3154257
403.5 777 3157401
404 905 3161149
404.5 921 3164711
405 936 3168357
405.5 952 3172039
406 967 3175751
406.5 983 3179525
407 998 3183365
407.5 1014 3187267
408 1030 3191235
408.5 1045 3195265
409 1061 3199373
409.5 1078 3203519
410 1096 3207691
410.5 1113 3211863
411 1129 3216035
411.5 1146 3220207
412 1162 3224379
412.5 1178 3228551
413 1194 3232725
413.5 1210 3236897
414 1225 3241069
414.5 1240 3245241
415 1255 3249413
415.5 1270 3253585
416 1285 3257757
416.5 450 3260987
417 909 3264515
417.5 924 3268121
418 940 3271757
418.5 956 3275419
419 971 3279147
419.5 986 3282937
420 1002 3286793
420.5 1018 3290711
421 1033 3294695
421.5 1049 3298767
422 1065 3302861
422.5 1082 3307019
423 1100 3311191
423.5 1117 3315365
424 1133 3319537
424.5 1150 3323709
425 1166 3327881
425.5 1182 3332053
426 1198 3336225
426.5 1213 3340397
427 1229 3344569
427.5 1244 3348741
428 1259 3352915
428.5 1274 3357087
429 1289 3361259
429.5 616 3364637
430 912 3367917
430.5 928 3371509
431 944 3375125
431.5 959 3378803
432 974 3382547
432.5 990 3386353
433 1005 3390223
433.5 1021 3394161
434 1037 3398187
434.5 1052 3402243
435 1069 3406353
435.5 1086 3410521
436 1103 3414693
436.5 1120 3418865
437 1137 3423037
437.5 1153 3427209
438 1170 3431381
438.5 1185 3435555
439 1201 3439727
439.5 1217 3443899
440 1232 3448071
440.5 1247 3452243
441 1262 3456415
441.5 1277 3460587
442 1292 3464759
442.5 898 3467751
443 916 3471299
443.5 932 3474865
444 947 3478497
444.5 962 3482191
445 978 3485949
445.5 993 3489773
446 1009 3493665
446.5 1025 3497643
447 1040 3501659
447.5 1056 3505721
448 1073 3509849
448.5 1090 3514021
449 1107 3518193
449.5 1124 3522367
450 1141 3526539
450.5 1157 3530711
451 1173 3534883
451.5 1189 3539055
452 1205 3543227
452.5 1220 3547399
453 1236 3551571
453.5 1251 3555745
454 1266 3559917
454.5 1280 3564089
455 962 3567601
455.5 904 3571121
456 920 3574641
456.5 935 3578225
457 950 3581871
457.5 966 3585583
458 981 3589357
458.5 997 3593207
459 1013 3597135
459.5 1028 3601111
460 1044 3605127
460.5 1059 3609205
461 1077 3613351
461.5 1094 3617523
462 1111 3621695
462.5 1128 3625867
463 1144 3630039
463.5 1161 3634211
464 1177 3638383
464.5 1193 3642557
465 1208 3646729
465.5 1224 3650901
466 1239 3655073
466.5 1254 3659245
467 1269 3663417
467.5 1284 3667589
468 509 3670928
468.5 908 3674455
469 923 3677989
469.5 938 3681589
470 954 3685251
470.5 969 3688979
471 985 3692783
471.5 1001 3696663
472 1016 3700601
472.5 1032 3704567
473 1047 3708599
473.5 1063 3712693
474 1081 3716851
474.5 1098 3721023
475 1115 3725197
475.5 1132 3729369
476 1148 3733541
476.5 1164 3737713
477 1180 3741885
477.5 1196 3746057
478 1212 3750229
478.5 1227 3754401
479 1242 3758575
479.5 1257 3762747
480 1272 3766919
480.5 1287 3771091
481 566 3774737
481.5 911 3777791
482 926 3781341
482.5 942 3784957
483 957 3788635
483.5 973 3792395
484 989 3796227
484.5 1004 3800125
485 1020 3804045
485.5 1035 3808027
486 1051 3812075
486.5 1067 3816185
487 1085 3820353
487.5 1102 3824525
488 1119 3828697
488.5 1136 3832869
489 1152 3837041
489.5 1168 3841213
490 1184 3845387
490.5 1200 3849559
491 1215 3853731
491.5 1231 3857903
492 1246 3862075
492.5 1261 3866247
493 1276 3870419
493.5 1291 3874591
494 804 3877763
494.5 914 3881131
495 930 3884697
495.5 945 3888329
496 961 3892043
496.5 977 3895829
497 992 3899685
497.5 1008 3903557
498 1023 3907493
498.5 1039 3911491
499 1054 3915555
499.5 1071 3919681
500 1089 3923853
500.5 1106 3928027
501 1123 3932199
501.5 1139 3936371
502 1156 3940543
502.5 1172 3944715
503 1188 3948887
503.5 1203 3953059
504 1219 3957231
504.5 1234 3961403
505 1249 3965577
505.5 1264 3969749
506 1279 3973921
506.5 1147 3977801
507 902 3980955
507.5 918 3984475
508 933 3988057
508.5 949 3991727
509 965 3995463
509.5 980 3999277
510 996 4003107
510.5 1011 4006993
511 1027 4010943
511.5 1042 4014959
512 1058 4019037
512.5 1075 4023183
513 1093 4027355
513.5 1110 4031527
514 1126 4035699
514.5 1143 4039871
515 1159 4044043
515.5 1175 4048217
516 1191 4052389
516.5 1207 4056561
517 1222 4060733
517.5 1238 4064905
518 1253 4069077
518.5 1268 4073249
519 1282 4077421
519.5 668 4080351
520 906 4084287
520.5 921 4087821
521 937 4091447
521.5 953 4095135
522 968 4098907
522.5 984 4102691
523 999 4106529
523.5 1015 4110433
524 1030 4114399
524.5 1046 4118431
525 1062 4122525
525.5 1079 4126683
526 1097 4130857
526.5 1114 4135029
527 1130 4139201
527.5 1147 4143373
528 1163 4147545
528.5 1179 4151717
529 1195 4155889
529.5 1210 4160061
530 1226 4164233
530.5 1241 4168407
531 1256 4172579
531.5 1271 4176751
532 1286 4180923
532.5 474 4184753
533 909 4187625
533.5 925 4191203
534 941 4194845
534.5 956 4198573
535 972 4202311
535.5 987 4206103
536 1003 4209957
536.5 1018 4213877
537 1034 4217859
537.5 1049 4221907
538 1066 4226017
538.5 1083 4230185
539 1100 4234357
539.5 1117 4238529
540 1134 4242701
540.5 1150 4246873
541 1167 4251047
541.5 1183 4255219
542 1198 4259391
542.5 1214 4263563
543 1229 4267735
543.5 1245 4271907
544 1260 4276079
544.5 1274 4280251
545 1290 4284423
545.5 669 4287693
546 913 4290995
546.5 929 4294589
547 944 4298275
547.5 960 4301969
548 975 4305711
548.5 991 4309519
549 1006 4313389
549.5 1022 4317325
550 1037 4321323
550.5 1053 4325389
551 1070 4329519
551.5 1087 4333687
552 1104 4337859
552.5 1121 4342031
553 1138 4346203
553.5 1154 4350375
554 1170 4354547
554.5 1186 4358719
555 1202 4362891
555.5 1218 4367063
556 1233 4371237
556.5 1248 4375409
557 1263 4379581
557.5 1278 4383753
558 1293 4387925
558.5 901 4390823
559 917 4394369
559.5 932 4398011
560 948 4401661
560.5 963 4405357
561 979 4409115
561.5 994 4412939
562 1010 4416825
562.5 1025 4420777
563 1041 4424797
563.5 1057 4428887
564 1074 4433015
564.5 1091 4437187
565 1108 4441359
565.5 1125 4445531
566 1142 4449703
566.5 1158 4453877
567 1174 4458049
567.5 1190 4462221
568 1206 4466393
568.5 1221 4470565
569 1236 4474737
569.5 1251 4478909
570 1266 4483081
570.5 1281 4487253
571 853 4490551
571.5 905 4494187
572 920 4497781
572.5 936 4501391
573 951 4505037
573.5 967 4508749
574 982 4512523
574.5 998 4516361
575 1013 4520265
575.5 1029 4524239
576 1045 4528293
576.5 1060 4532371
577 1078 4536517
577.5 1095 4540689
578 1112 4544861
578.5 1129 4549033
579 1145 4553205
579.5 1162 4557377
580 1178 4561549
580.5 1193 4565721
581 1209 4569893
581.5 1225 4574067
582 1240 4578239
582.5 1255 4582411
583 1270 4586583
583.5 1284 4590755
584 456 4593878
584.5 908 4597591
585 924 4601155
585.5 939 4604755
586 955 4608417
586.5 970 4612143
587 986 4615935
587.5 1001 4619789
588 1017 4623721
588.5 1033 4627729
589 1048 4631763
589.5 1064 4635859
590 1082 4640017
590.5 1099 4644189
591 1116 4648361
591.5 1133 4652533
592 1149 4656707
592.5 1165 4660879
593 1181 4665051
593.5 1197 4669223
594 1213 4673395
594.5 1228 4677567
595 1243 4681739
595.5 1258 4685911
596 1273 4690083
596.5 1288 4694257
597 595 4697745
597.5 912 4700955
598 927 4704507
598.5 943 4708121
599 958 4711801
599.5 974 4715543
600 989 4719351
600.5 1005 4723237
601 1021 4727197
601.5 1036 4731193
602 1052 4735239
602.5 1068 4739351
603 1086 4743519
603.5 1103 4747691
604 1120 4751863
604.5 1136 4756035
605 1153 4760207
605.5 1169 4764379
606 1185 4768551
606.5 1201 4772723
607 1216 4776897
607.5 1232 4781069
608 1247 4785241
608.5 1262 4789413
609 1276 4793585
609.5 1292 4797757
610 870 4800845
610.5 915 4804295
611 931 4807863
611.5 946 4811493
612 962 4815189
612.5 977 4818947
613 993 4822789
613.5 1009 4826701
614 1024 4830657
614.5 1040 4834657
615 1055 4838719
615.5 1072 4842847
616 1090 4847019
616.5 1107 4851191
617 1124 4855363
617.5 1140 4859535
618 1156 4863709
618.5 1173 4867881
619 1188 4872053
619.5 1204 4876225
620 1220 4880397
620.5 1235 4884569
621 1250 4888741
621.5 1265 4892913
622 1280 4897087
622.5 1039 4900751
623 903 4904119
623.5 919 4907639
624 934 4911223
624.5 950 4914869
625 965 4918581
625.5 981 4922377
626 997 4926243
626.5 1012 4930159
627 1028 4934109
627.5 1043 4938125
628 1059 4942203
628.5 1076 4946349
629 1094 4950521
629.5 1111 4954693
630 1127 4958865
630.5 1144 4963037
631 1160 4967209
631.5 1176 4971381
632 1192 4975553
632.5 1208 4979725
633 1223 4983899
633.5 1238 4988071
634 1254 4992243
634.5 1268 4996415
635 1283 5000587
635.5 560 5003819
636 907 5007453
636.5 922 5010987
637 938 5014587
637.5 953 5018249
638 969 5022001
638.5 985 5025817
639 1000 5029695
639.5 1016 5033599
640 1031 5037565
640.5 1047 5041597
641 1063 5045691
641.5 1080 5049849
642 1097 5054021
642.5 1114 5058193
643 1131 5062365
643.5 1148 5066539
644 1164 5070711
644.5 1180 5074883
645 1196 5079055
645.5 1211 5083227
646 1227 5087399
646.5 1242 5091571
647 1257 5095743
647.5 1272 5099917
648 1287 5104089
648.5 528 5107811
649 910 5110789
649.5 926 5114339
650 941 5117955
650.5 957 5121661
651 973 5125429
651.5 988 5129269
652 1004 5133123
652.5 1019 5137041
653 1035 5141025
653.5 1050 5145071
654 1067 5149183
654.5 1084 5153351
655 1101 5157523
655.5 1118 5161695
656 1135 5165867
656.5 1151 5170039
657 1168 5174211
657.5 1183 5178383
658 1199 5182555
658.5 1215 5186729
659 1230 5190901
659.5 1245 5195073
660 1260 5199245
660.5 1275 5203417
661 1290 5207589
661.5 747 5210799
662 914 5214127
662.5 929 5217699
663 945 5221357
663.5 961 5225079
664 976 5228877
664.5 992 5232683
665 1007 5236555
665.5 1023 5240489
666 1038 5244489
666.5 1054 5248551
667 1071 5252679
667.5 1088 5256851
668 1105 5261023
668.5 1122 5265195
669 1139 5269369
669.5 1155 5273541
670 1171 5277713
670.5 1187 5281885
671 1203 5286057
671.5 1218 5290229
672 1234 5294401
672.5 1249 5298573
673 1264 5302745
673.5 1278 5306919
674 1224 5310951
674.5 902 5313951
675 917 5317479
675.5 933 5321089
676 949 5324763
676.5 964 5328521
677 980 5332281
677.5 995 5336103
678 1011 5339991
678.5 1026 5343941
679 1042 5347957
679.5 1057 5352035
680 1075 5356181
680.5 1092 5360353
681 1109 5364525
681.5 1126 5368697
682 1142 5372869
682.5 1159 5377041
683 1175 5381213
683.5 1191 5385385
684 1206 5389559
684.5 1222 5393731
685 1237 5397903
685.5 1252 5402075
686 1267 5406247
686.5 1282 5410419
687 744 5413501
687.5 905 5417297
688 921 5420857
688.5 937 5424485
689 952 5428201
689.5 968 5431913
690 983 5435689
690.5 999 5439527
691 1014 5443431
691.5 1030 5447397
692 1045 5451429
692.5 1061 5455531
693 1079 5459681
693.5 1096 5463853
694 1113 5468025
694.5 1130 5472199
695 1146 5476371
695.5 1162 5480543
696 1178 5484715
696.5 1194 5488887
697 1210 5493059
697.5 1225 5497231
698 1241 5501403
698.5 1256 5505575
699 1270 5509749
699.5 1285 5513921
700 450 5517087
700.5 909 5520661
701 925 5524245
701.5 940 5527917
702 956 5531583
702.5 971 5535309
703 987 5539101
703.5 1002 5542955
704 1018 5546875
704.5 1033 5550857
705 1049 5554913
705.5 1065 5559025
706 1083 5563183
706.5 1100 5567355
707 1117 5571527
707.5 1133 5575699
708 1150 5579871
708.5 1166 5584043
709 1182 5588215
709.5 1198 5592389
710 1213 5596561
710.5 1229 5600733
711 1244 5604905
711.5 1259 5609077
712 1274 5613249
712.5 1289 5617421
713 631 5620767
713.5 913 5624043
714 928 5627663
714.5 944 5631287
715 959 5634967
715.5 975 5638709
716 990 5642515
716.5 1006 5646387
717 1021 5650321
717.5 1037 5654335
718 1052 5658405
718.5 1069 5662517
719 1087 5666683
719.5 1104 5670855
720 1121 5675029
720.5 1137 5679201
721 1154 5683373
721.5 1170 5687545
722 1186 5691717
722.5 1201 5695889
723 1217 5700061
723.5 1232 5704233
724 1247 5708405
724.5 1262 5712579
725 1277 5716751
725.5 1293 5720923
726 901 5723875
726.5 916 5727447
727 932 5731029
727.5 947 5734659
728 963 5738353
728.5 978 5742113
729 994 5745935
729.5 1009 5749823
730 1025 5753791
730.5 1040 5757821
731 1056 5761885
731.5 1073 5766013
732 1090 5770185
732.5 1108 5774357
733 1124 5778529
733.5 1141 5782701
734 1157 5786873
734.5 1173 5791045
735 1189 5795219
735.5 1205 5799391
736 1220 5803563
736.5 1236 5807735
737 1251 5811907
737.5 1266 5816079
738 1281 5820251
738.5 930 5823701
739 904 5827269
739.5 920 5830805
740 935 5834387
740.5 951 5838035
741 966 5841745
741.5 982 5845521
742 997 5849359
742.5 1013 5853283
743 1029 5857275
743.5 1044 5861289
744 1060 5865369
744.5 1077 5869513
745 1094 5873685
745.5 1111 5877859
746 1128 5882031
746.5 1145 5886203
747 1161 5890375
747.5 1177 5894547
748 1193 5898719
748.5 1209 5902891
749 1224 5907063
749.5 1239 5911235
750 1254 5915409
750.5 1269 5919581
751 1284 5923753
751.5 494 5927028
752 908 5930617
752.5 923 5934153
753 939 5937751
753.5 954 5941415
754 970 5945141
754.5 985 5948933
755 1001 5952811
755.5 1017 5956755
756 1032 5960731
756.5 1048 5964761
757 1064 5968857
757.5 1081 5973015
758 1098 5977187
758.5 1115 5981359
759 1132 5985531
759.5 1148 5989703
760 1165 5993875
760.5 1181 5998049
761 1196 6002221
761.5 1212 6006393
762 1227 6010565
762.5 1243 6014737
763 1258 6018909
763.5 1273 6023081
764 1287 6027253
764.5 576 6030857
765 911 6033953
765.5 927 6037505
766 942 6041119
766.5 958 6044799
767 973 6048541
767.5 989 6052375
768 1004 6056271
768.5 1020 6060207
769 1036 6064191
769.5 1051 6068237
770 1068 6072349
770.5 1085 6076515
771 1102 6080687
771.5 1119 6084861
772 1136 6089033
772.5 1152 6093205
773 1168 6097377
773.5 1184 6101549
774 1200 6105721
774.5 1216 6109893
775 1231 6114065
775.5 1246 6118239
776 1261 6122411
776.5 1276 6126583
777 1291 6130755
777.5 828 6133911
778 915 6137293
778.5 930 6140861
779 946 6144491
779.5 961 6148191
780 977 6151975
780.5 992 6155821
781 1008 6159721
781.5 1024 6163655
782 1039 6167655
782.5 1055 6171717
783 1072 6175845
783.5 1089 6180017
784 1106 6184189
784.5 1123 6188361
785 1140 6192533
785.5 1156 6196705
786 1172 6200877
786.5 1188 6205051
787 1204 6209223
787.5 1219 6213395
788 1234 6217567
788.5 1250 6221739
789 1264 6225911
789.5 1279 6230083
790 1115 6233901
790.5 903 6237117
791 918 6240637
791.5 934 6244219
792 949 6247873
792.5 965 6251611
793 980 6255409
793.5 996 6259269
794 1012 6263155
794.5 1027 6267107
795 1043 6271121
795.5 1058 6275201
796 1076 6279345
796.5 1093 6283517
797 1110 6287691
797.5 1127 6291863
798 1143 6296035
798.5 1160 6300207
799 1176 6304379
799.5 1192 6308551
800 1207 6312723
800.5 1223 6316895
801 1238 6321067
801.5 1253 6325241
802 1268 6329413
802.5 1283 6333585
803 637 6336710
803.5 906 6340449
804 922 6343985
804.5 937 6347593
805 953 6351283
805.5 968 6355035
806 984 6358853
806.5 1000 6362693
807 1015 6366595
807.5 1031 6370563
808 1046 6374593
808.5 1062 6378689
809 1080 6382847
809.5 1097 6387019
810 1114 6391191
810.5 1131 6395363
811 1147 6399535
811.5 1163 6403707
812 1179 6407881
812.5 1195 6412053
813 1211 6416225
813.5 1226 6420397
814 1241 6424569
814.5 1256 6428741
815 1271 6432913
815.5 1286 6437085
816 490 6440885
816.5 910 6443785
817 925 6447351
817.5 941 6450991
818 956 6454701
818.5 972 6458475
819 988 6462265
819.5 1003 6466121
820 1019 6470039
820.5 1034 6474023
821 1050 6478069
821.5 1066 6482181
822 1083 6486347
822.5 1101 6490521
823 1118 6494693
823.5 1134 6498865
824 1151 6503037
824.5 1167 6507209
825 1183 6511381
825.5 1199 6515553
826 1214 6519725
826.5 1230 6523897
827 1245 6528071
827.5 1260 6532243
828 1275 6536415
828.5 1290 6540587
829 690 6543835
829.5 913 6547143
830 929 6550735
830.5 944 6554401
831 960 6558131
831.5 976 6561875
832 991 6565681
832.5 1007 6569553
833 1022 6573487
833.5 1038 6577487
834 1053 6581549
834.5 1070 6585681
835 1087 6589849
835.5 1105 6594021
836 1121 6598193
836.5 1138 6602365
837 1154 6606537
837.5 1171 6610711
838 1187 6614883
838.5 1202 6619055
839 1218 6623227
839.5 1233 6627399
840 1248 6631571
840.5 1263 6635743
841 1278 6639915
841.5 1293 6644087
842 901 6646971
842.5 917 6650515
843 933 6654141
843.5 948 6657825
844 964 6661519
844.5 979 6665279
845 995 6669101
845.5 1010 6672989
846 1026 6676939
846.5 1041 6680953
847 1057 6685049
847.5 1074 6689179
848 1091 6693351
848.5 1108 6697523
849 1125 6701695
849.5 1142 6705867
850 1158 6710039
850.5 1174 6714211
851 1190 6718383
851.5 1206 6722555
852 1221 6726727
852.5 1237 6730901
853 1252 6735073
853.5 1267 6739245
854 1281 6743417
854.5 821 6746651
855 905 6750331
855.5 921 6753913
856 936 6757553
856.5 952 6761201
857 967 6764911
857.5 983 6768685
858 998 6772525
858.5 1014 6776427
859 1029 6780395
859.5 1045 6784445
860 1061 6788535
860.5 1078 6792679
861 1095 6796851
861.5 1112 6801023
862 1129 6805195
862.5 1146 6809367
863 1162 6813541
863.5 1178 6817713
864 1194 6821885
864.5 1209 6826057
865 1225 6830229
865.5 1240 6834401
866 1255 6838573
866.5 1270 6842745
867 1285 6846917
867.5 450 6850237
868 909 6853721
868.5 924 6857319
869 940 6860917
869.5 955 6864579
870 971 6868307
870.5 986 6872097
871 1002 6875953
871.5 1017 6879871
872 1033 6883877
872.5 1048 6887927
873 1065 6892021
873.5 1082 6896181
874 1099 6900353
874.5 1116 6904525
875 1133 6908697
875.5 1149 6912869
876 1166 6917041
876.5 1182 6921213
877 1197 6925385
877.5 1213 6929557
878 1228 6933731
878.5 1243 6937903
879 1258 6942075
879.5 1273 6946247
880 1288 6950419
880.5 603 6953861
881 912 6957115
881.5 928 6960669
882 943 6964285
882.5 959 6967963
883 974 6971707
883.5 990 6975513
884 1005 6979385
884.5 1021 6983345
885 1036 6987355
885.5 1052 6991403
886 1069 6995513
886.5 1086 6999681
887 1103 7003853
887.5 1120 7008025
888 1137 7012197
888.5 1153 7016371
889 1169 7020543
889.5 1185 7024715
890 1201 7028887
890.5 1216 7033059
891 1232 7037231
891.5 1247 7041403
892 1262 7045575
892.5 1277 7049747
893 1292 7053921
893.5 882 7056969
894 916 7060459
894.5 931 7064025
895 947 7067657
895.5 962 7071351
896 978 7075111
896.5 993 7078935
897 1009 7082849
897.5 1024 7086817
898 1040 7090819
898.5 1055 7094883
899 1072 7099011
899.5 1090 7103183
