0 -23168
0.5 162176
1 1019392
1.5 5235968
2 26411520
2.5 50205056
3 41609728
3.5 47077376
4 47448064
4.5 47772416
5 48189440
5.5 49903872
6 49764864
6.5 48838144
7 49116160
7.5 49950208
8 50274560
8.5 50737920
9 51062272
9.5 51386624
10 51803648
10.5 53518080
11 53240064
11.5 51710976
12 52684032
12.5 53564416
13 53888768
13.5 54352128
14 54676480
14.5 55000832
15 55417856
15.5 57132288
16 55927552
16.5 55371520
17 56298240
17.5 57178624
18 57502976
18.5 57966336
19 58244352
19.5 58615040
20 59032064
20.5 60792832
21 58615040
21.5 58985728
22 59912448
22.5 60746496
23 61117184
23.5 61580544
24 61904896
24.5 62229248
25 62646272
25.5 63526656
26 62182912
26.5 62599936
27 63526656
27.5 64407040
28 64731392
28.5 65194752
29 65472768
29.5 65889792
30 66260480
30.5 66214144
31 65797120
31.5 66214144
32 67140864
32.5 68021248
33 68345600
33.5 68808960
34 69086976
34.5 69504000
35 69735680
35.5 69040640
36 69457664
36.5 69782016
37 70801408
37.5 71589120
38 72006144
38.5 72376832
39 72747520
39.5 73118208
40 72423168
40.5 72654848
41 73025536
41.5 73442560
42 74369280
42.5 75249664
43 75620352
43.5 75991040
44 76361728
44.5 75898368
45 75944704
45.5 76269056
46 76686080
46.5 77010432
47 78029824
47.5 78863872
48 79234560
48.5 79558912
49 79466240
49.5 79141888
50 79558912
50.5 79883264
51 80300288
51.5 80624640
52 81644032
52.5 82478080
53 82848768
53.5 82941440
54 82385408
54.5 82802432
55 83126784
55.5 83543808
56 83868160
56.5 84285184
57 85211904
57.5 86138624
58 86416640
58.5 85675264
59 85999616
59.5 86370304
60 86787328
60.5 87111680
61 87528704
61.5 87853056
62 88872448
62.5 89752832
63 89104128
63.5 89289472
64 89613824
64.5 90030848
65 90355200
65.5 90772224
66 91096576
66.5 91513600
67 92486656
67.5 92672000
68 92486656
68.5 92903680
69 93228032
69.5 93645056
70 93969408
70.5 94386432
71 94710784
71.5 95127808
72 95730176
72.5 95730176
73 96147200
73.5 96471552
74 96656896
74.5 96656896
75 96656896
75.5 96703232
76 96656896
76.5 96656896
77 96656896
77.5 96656896
78 96656896
78.5 96656896
79 96656896
79.5 96656896
80 96703232
80.5 96656896
81 96656896
81.5 96656896
82 96656896
82.5 96656896
83 96656896
83.5 96656896
84 96703232
84.5 96656896
85 96656896
85.5 96656896
86 96656896
86.5 96656896
87 96656896
87.5 96656896
88 96656896
88.5 96703232
89 96656896
89.5 96656896
90 96656896
90.5 96656896
91 96656896
91.5 96656896
92 96656896
92.5 96656896
93 96703232
93.5 96656896
94 96656896
94.5 96656896
95 96656896
95.5 96656896
96 96656896
96.5 96656896
97 96703232
97.5 96656896
98 96656896
98.5 96656896
99 96656896
99.5 96656896
100 96656896
100.5 96656896
101 96656896
101.5 96703232
102 96656896
102.5 96656896
103 96656896
103.5 96656896
104 96656896
104.5 69133312
105 87250688
105.5 58939392
106 59263744
106.5 59634432
107 60005120
107.5 60422144
108 60097792
108.5 59819776
109 60144128
109.5 61765888
110 62136576
110.5 62507264
111 62877952
111.5 63294976
112 63619328
112.5 63804672
113 63016960
113.5 63433984
114 63758336
114.5 65380096
115 65750784
115.5 66121472
116 66492160
116.5 66909184
117 67233536
117.5 66492160
118 66631168
118.5 67048192
119 67372544
119.5 68994304
120 69411328
120.5 69735680
121 70106368
121.5 70477056
122 70152704
122.5 69921024
123 70245376
123.5 70662400
124 70986752
124.5 72608512
125 73025536
125.5 73349888
126 73720576
126.5 73813248
127 73164544
127.5 73488896
128 73905920
128.5 74230272
129 74647296
129.5 76222720
130 76593408
130.5 76964096
131 77381120
131.5 76500736
132 76778752
132.5 77103104
133 77473792
133.5 77890816
134 78261504
134.5 79836928
135 80207616
135.5 80578304
136 80207616
136.5 79975936
137 80392960
137.5 80717312
138 81134336
138.5 81458688
139 81875712
139.5 83497472
140 83821824
140.5 83821824
141 83265792
141.5 83590144
142 84007168
142.5 84331520
143 84748544
143.5 85072896
144 85489920
144.5 87111680
145 87436032
145.5 86555648
146 86833664
146.5 87250688
147 87575040
147.5 87992064
148 88316416
148.5 88687104
149 89150464
149.5 90679552
150 90216192
150.5 90123520
151 90447872
151.5 90818560
152 91235584
152.5 91559936
153 91976960
153.5 92301312
154 92764672
154.5 93876736
155 93320704
155.5 93737728
156 94062080
156.5 94479104
157 94803456
157.5 95220480
158 95544832
158.5 95961856
159 96332544
159.5 96564224
160 96703232
160.5 96656896
161 96656896
161.5 96656896
162 96656896
162.5 96656896
163 96656896
163.5 96656896
164 96656896
164.5 96703232
165 96656896
165.5 96656896
166 96656896
166.5 96656896
167 96656896
167.5 96656896
168 96656896
168.5 96703232
169 96656896
169.5 96656896
170 96656896
170.5 96656896
171 96656896
171.5 96656896
172 96656896
172.5 96656896
173 96703232
173.5 96656896
174 96656896
174.5 96656896
175 96656896
175.5 96656896
176 96656896
176.5 96656896
177 96656896
177.5 96703232
178 96656896
178.5 96656896
179 96656896
179.5 96656896
180 96656896
180.5 96656896
181 96656896
181.5 96656896
182 96703232
182.5 96656896
183 96656896
183.5 96656896
184 96656896
184.5 96656896
185 96656896
185.5 96656896
186 96703232
186.5 96656896
187 96656896
187.5 96656896
188 96656896
188.5 96656896
189 96656896
189.5 96656896
190 96656896
190.5 85258240
191 58707712
191.5 57966336
192 58151680
192.5 59356416
193 60097792
193.5 60514816
194 60839168
194.5 61209856
195 61580544
195.5 61997568
196 61626880
196.5 61348864
197 61765888
197.5 62970624
198 63712000
198.5 64129024
199 64453376
199.5 64824064
200 65194752
200.5 65333760
201 64592384
201.5 65009408
202 65333760
202.5 66631168
203 67326208
203.5 67696896
204 68067584
204.5 68484608
205 68808960
205.5 67974912
206 68252928
206.5 68577280
207 68994304
207.5 70245376
208 70940416
208.5 71311104
209 71681792
209.5 72098816
210 71635456
210.5 71496448
211 71820800
211.5 72237824
212 72562176
212.5 73859584
213 74600960
213.5 74925312
214 75296000
214.5 75342336
215 74693632
215.5 75110656
216 75435008
216.5 75852032
217 76176384
217.5 77473792
218 78215168
218.5 78539520
219 78910208
219.5 78029824
220 78354176
220.5 78678528
221 79049216
221.5 79466240
222 79790592
222.5 81134336
223 81783040
223.5 82153728
224 81690368
224.5 81597696
225 81922048
225.5 82339072
226 82663424
226.5 83080448
227 83404800
227.5 84748544
228 85397248
228.5 85350912
229 84841216
229.5 85165568
230 85582592
230.5 85906944
231 86323968
231.5 86648320
232 87065344
232.5 88362752
233 89011456
233.5 88038400
234 88455424
234.5 88779776
235 89196800
235.5 89521152
236 89938176
236.5 90262528
237 90633216
237.5 91976960
238 91745280
238.5 91698944
239 92023296
239.5 92393984
240 92811008
240.5 93135360
241 93552384
241.5 93876736
242 94293760
242.5 95081472
243 94942464
243.5 95266816
244 95683840
244.5 96008192
245 96425216
245.5 96656896
246 96656896
246.5 96656896
247 96656896
247.5 96656896
248 96656896
248.5 96656896
249 96703232
249.5 96656896
250 96656896
250.5 96656896
251 96656896
251.5 96656896
252 96656896
252.5 96656896
253 96656896
253.5 96703232
254 96656896
254.5 96656896
255 96656896
255.5 96656896
256 96656896
256.5 96656896
257 96656896
257.5 96703232
258 96656896
258.5 96656896
259 96656896
259.5 96656896
260 96656896
260.5 96656896
261 96656896
261.5 96656896
262 96703232
262.5 96656896
263 96656896
263.5 96656896
264 96656896
264.5 96656896
265 96656896
265.5 96656896
266 96656896
266.5 96703232
267 96656896
267.5 96656896
268 96656896
268.5 96656896
269 96656896
269.5 96656896
270 96656896
270.5 96703232
271 96656896
271.5 96656896
272 96656896
272.5 96656896
273 96656896
273.5 96656896
274 96656896
274.5 96656896
275 96703232
275.5 96656896
276 95035136
276.5 71728128
277 58800384
277.5 59171072
278 59588096
278.5 59912448
279 60283136
279.5 59495424
280 59680768
280.5 60607488
281 61719552
281.5 62043904
282 62414592
282.5 62785280
283 63202304
283.5 63526656
284 63155968
284.5 62924288
285 63341312
285.5 64221696
286 65287424
286.5 65704448
287 66028800
287.5 66399488
288 66770176
288.5 66816512
289 66214144
289.5 66538496
290 66955520
290.5 67835904
291 68901632
291.5 69272320
292 69689344
292.5 70013696
293 70384384
293.5 69504000
294 69828352
294.5 70152704
295 70569728
295.5 71496448
296 72515840
296.5 72886528
297 73257216
297.5 73674240
298 73164544
298.5 73025536
299 73442560
299.5 73766912
300 74183936
300.5 75110656
301 76130048
301.5 76500736
302 76871424
302.5 76871424
303 76269056
303.5 76686080
304 77010432
304.5 77427456
305 77751808
305.5 78724864
306 79790592
306.5 80114944
307 80485632
307.5 79558912
308 79883264
308.5 80300288
309 80624640
309.5 80995328
310 81412352
310.5 82339072
311 83358464
311.5 83775488
312 83173120
312.5 83173120
313 83497472
313.5 83914496
314 84238848
314.5 84655872
315 84980224
315.5 85999616
316 86972672
316.5 86880000
317 86370304
317.5 86787328
318 87111680
318.5 87528704
319 87853056
319.5 88270080
320 88594432
320.5 89613824
321 90540544
321.5 89613824
322 90030848
322.5 90355200
323 90772224
323.5 91096576
324 91513600
324.5 91837952
325 92254976
325.5 93181696
326 93274368
326.5 93228032
327 93645056
327.5 93969408
328 94340096
328.5 94757120
329 95081472
329.5 95498496
330 95822848
330.5 96332544
331 96471552
331.5 96656896
332 96656896
332.5 96656896
333 96656896
333.5 96703232
334 96656896
334.5 96656896
335 96656896
335.5 96656896
336 96656896
336.5 96656896
337 96656896
337.5 96656896
338 96703232
338.5 96656896
339 96656896
339.5 96656896
340 96656896
340.5 96656896
341 96656896
341.5 96656896
342 96656896
342.5 96703232
343 96656896
343.5 96656896
344 96656896
344.5 96656896
345 96656896
345.5 96656896
346 96656896
346.5 96703232
347 96656896
347.5 96656896
348 96656896
348.5 96656896
349 96656896
349.5 96656896
350 96656896
350.5 96656896
351 96703232
351.5 96656896
352 96656896
352.5 96656896
353 96656896
353.5 96656896
354 96656896
354.5 96656896
355 96656896
355.5 96703232
356 96656896
356.5 96656896
357 96656896
357.5 96656896
358 96656896
358.5 96656896
359 96656896
359.5 96703232
360 96656896
360.5 96656896
361 96656896
361.5 96656896
362 95637504
362.5 58337024
363 57641984
363.5 58244352
364 59634432
364.5 60005120
365 60375808
365.5 60792832
366 61117184
366.5 61487872
367 61858560
367.5 61024512
368 61256192
368.5 61858560
369 63294976
369.5 63619328
370 63990016
370.5 64360704
371 64777728
371.5 65102080
372 64638720
372.5 64546048
373 64870400
373.5 65472768
374 66909184
374.5 67233536
375 67604224
375.5 67974912
376 68391936
376.5 68299264
377 67789568
377.5 68113920
378 68530944
378.5 69086976
379 70477056
379.5 70847744
380 71264768
380.5 71589120
381 71959808
381.5 71033088
382 71403776
382.5 71728128
383 72098816
383.5 72747520
384 74091264
384.5 74461952
385 74878976
385.5 75203328
386 74693632
386.5 74600960
387 75017984
387.5 75342336
388 75759360
388.5 76361728
389 77705472
389.5 78076160
390 78446848
390.5 78354176
391 77890816
391.5 78215168
392 78632192
392.5 78956544
393 79373568
393.5 79975936
394 81319680
394.5 81690368
395 82014720
395.5 81134336
396 81458688
396.5 81875712
397 82200064
397.5 82617088
398 82941440
398.5 83590144
399 84933888
399.5 85350912
400 84702208
400.5 84748544
401 85072896
401.5 85443584
402 85860608
402.5 86184960
403 86601984
403.5 87204352
404 88548096
404.5 88409088
405 87945728
405.5 88362752
406 88687104
406.5 89104128
407 89428480
407.5 89845504
408 90169856
408.5 90864896
409 92023296
409.5 91235584
410 91559936
410.5 91976960
411 92301312
411.5 92718336
412 93042688
412.5 93459712
413 93784064
413.5 94479104
414 94757120
414.5 94803456
415 95220480
415.5 95544832
416 95961856
416.5 96286208
417 96610560
417.5 96656896
418 96703232
418.5 96656896
419 96656896
419.5 96656896
420 96656896
420.5 96656896
421 96656896
421.5 96656896
422 96656896
422.5 96703232
423 96656896
423.5 96656896
424 96656896
424.5 96656896
425 96656896
425.5 96656896
426 96656896
426.5 96656896
427 96703232
427.5 96656896
428 96656896
428.5 96656896
429 96656896
429.5 96656896
430 96656896
430.5 96656896
431 96703232
431.5 96656896
432 96656896
432.5 96656896
433 96656896
433.5 96656896
434 96656896
434.5 96656896
435 96656896
435.5 96703232
436 96656896
436.5 96656896
437 96656896
437.5 96656896
438 96656896
438.5 96656896
439 96656896
439.5 96656896
440 96703232
440.5 96656896
441 96656896
441.5 96656896
442 96656896
442.5 96656896
443 96656896
443.5 96656896
444 96656896
444.5 96703232
445 96656896
445.5 96656896
446 96656896
446.5 96656896
447 96656896
447.5 96656896
448 80531968
448.5 58707712
449 59078400
449.5 59449088
450 59866112
450.5 59819776
451 59217408
451.5 59634432
452 61070848
452.5 61580544
453 61951232
453.5 62368256
454 62692608
454.5 63063296
455 63433984
455.5 62507264
456 62877952
456.5 63202304
457 64731392
457.5 65194752
458 65565440
458.5 65982464
459 66306816
459.5 66677504
460 66167808
460.5 66121472
461 66445824
461.5 66862848
462 68345600
462.5 68808960
463 69179648
463.5 69550336
464 69967360
464.5 69828352
465 69318656
465.5 69735680
466 70060032
466.5 70477056
467 71959808
467.5 72423168
468 72793856
468.5 73164544
469 73535232
469.5 72562176
470 72979200
470.5 73303552
471 73674240
471.5 74091264
472 75574016
472.5 76037376
473 76454400
473.5 76778752
474 76176384
474.5 76222720
475 76547072
475.5 76964096
476 77288448
476.5 77705472
477 79188224
477.5 79651584
478 80068608
478.5 79836928
479 79466240
479.5 79790592
480 80207616
480.5 80531968
481 80948992
481.5 81273344
482 82848768
482.5 83265792
483 83543808
483.5 82663424
484 83080448
484.5 83404800
485 83821824
485.5 84146176
486 84563200
486.5 84887552
487 86462976
487.5 86880000
488 86231296
488.5 86323968
489 86648320
489.5 87019008
490 87436032
490.5 87760384
491 88177408
491.5 88501760
492 90077184
492.5 89891840
493 89567488
493.5 89891840
494 90308864
494.5 90633216
495 91050240
495.5 91374592
496 91791616
496.5 92115968
497 93506048
497.5 92811008
498 93135360
498.5 93552384
499 93876736
499.5 94293760
500 94618112
500.5 95035136
501 95359488
501.5 95776512
502 96193536
502.5 96425216
503 96656896
503.5 96656896
504 96656896
504.5 96656896
505 96656896
505.5 96656896
506 96656896
506.5 96656896
507 96703232
507.5 96656896
508 96656896
508.5 96656896
509 96656896
509.5 96656896
510 96656896
510.5 96656896
511 96656896
511.5 96703232
512 96656896
512.5 96656896
513 96656896
513.5 96656896
514 96656896
514.5 96656896
515 96656896
515.5 96656896
516 96703232
516.5 96656896
517 96656896
517.5 96656896
518 96656896
518.5 96656896
519 96656896
519.5 96656896
520 96703232
520.5 96656896
521 96656896
521.5 96656896
522 96656896
522.5 96656896
523 96656896
523.5 96656896
524 96656896
524.5 96703232
525 96656896
525.5 96656896
526 96656896
526.5 96656896
527 96656896
527.5 96656896
528 96656896
528.5 96656896
529 96703232
529.5 96656896
530 96656896
530.5 96656896
531 96656896
531.5 96656896
532 96656896
532.5 96656896
533 96703232
533.5 85582592
534 78168832
534.5 57549312
535 58707712
535.5 59588096
536 59912448
536.5 60283136
537 60653824
537.5 61070848
538 61395200
538.5 61302528
539 60839168
539.5 61163520
540 62321920
540.5 63202304
541 63526656
541.5 63897344
542 64268032
542.5 64638720
543 65009408
543.5 64036352
544 64453376
544.5 64777728
545 65982464
545.5 66770176
546 67140864
546.5 67557888
547 67882240
547.5 68252928
548 67696896
548.5 67650560
549 68067584
549.5 68391936
550 69596672
550.5 70384384
551 70755072
551.5 71172096
552 71496448
552.5 71357440
553 70894080
553.5 71311104
554 71635456
554.5 72052480
555 73210880
555.5 73998592
556 74369280
556.5 74739968
557 75017984
557.5 74183936
558 74508288
558.5 74925312
559 75249664
559.5 75620352
560 76825088
560.5 77659136
561 77983488
561.5 78354176
562 77705472
562.5 77798144
563 78122496
563.5 78539520
564 78863872
564.5 79280896
565 80439296
565.5 81227008
566 81644032
566.5 81366016
567 80995328
567.5 81412352
568 81736704
568.5 82153728
569 82478080
569.5 82895104
570 84053504
570.5 84841216
571 85072896
571.5 84238848
572 84655872
572.5 84980224
573 85397248
573.5 85721600
574 86138624
574.5 86462976
575 87714048
575.5 88455424
576 87760384
576.5 87853056
577 88270080
577.5 88594432
578 88965120
578.5 89382144
579 89706496
579.5 90123520
580 91328256
580.5 91420928
581 91096576
581.5 91467264
582 91884288
582.5 92208640
583 92625664
583.5 92950016
584 93367040
584.5 93691392
585 94710784
585.5 94340096
586 94757120
586.5 95081472
587 95498496
587.5 95822848
588 96239872
588.5 96564224
589 96656896
589.5 96656896
590 96656896
590.5 96656896
591 96656896
591.5 96703232
592 96656896
592.5 96656896
593 96656896
593.5 96656896
594 96656896
594.5 96656896
595 96656896
595.5 96656896
596 96703232
596.5 96656896
597 96656896
597.5 96656896
598 96656896
598.5 96656896
599 96656896
599.5 96656896
600 96656896
600.5 96703232
601 96656896
601.5 96656896
602 96656896
602.5 96656896
603 96656896
603.5 96656896
604 96656896
604.5 96703232
605 96656896
605.5 96656896
606 96656896
606.5 96656896
607 96656896
607.5 96656896
608 96656896
608.5 96656896
609 96703232
609.5 96656896
610 96656896
610.5 96656896
611 96656896
611.5 96656896
612 96656896
612.5 96656896
613 96656896
613.5 96703232
614 96656896
614.5 96656896
615 96656896
615.5 96656896
616 96656896
616.5 96656896
617 96656896
617.5 96656896
618 96703232
618.5 96656896
619 96656896
619.5 90911232
620 58661376
620.5 58985728
621 59356416
621.5 59727104
622 59171072
622.5 59171072
623 59958784
623.5 61117184
624 61487872
624.5 61858560
625 62275584
625.5 62599936
626 62970624
626.5 62831616
627 62414592
627.5 62738944
628 63572992
628.5 64777728
629 65102080
629.5 65472768
630 65843456
630.5 66214144
631 66538496
631.5 65611776
632 66028800
632.5 66353152
633 67187200
633.5 68345600
634 68762624
634.5 69086976
635 69457664
635.5 69828352
636 69225984
636.5 69225984
637 69643008
637.5 69967360
638 70847744
638.5 71959808
639 72330496
639.5 72747520
640 73071872
640.5 72840192
641 72515840
641.5 72840192
642 73257216
642.5 73581568
643 74461952
643.5 75574016
644 75944704
644.5 76361728
645 76500736
645.5 75759360
646 76083712
646.5 76500736
647 76825088
647.5 77242112
648 78029824
648.5 79234560
649 79558912
649.5 79929600
650 79234560
650.5 79373568
651 79697920
651.5 80068608
652 80485632
652.5 80809984
653 81690368
653.5 82848768
654 83173120
654.5 82895104
655 82570752
655.5 82987776
656 83312128
656.5 83729152
657 84053504
657.5 84470528
658 85304576
658.5 86416640
659 86555648
659.5 85860608
660 86184960
660.5 86601984
661 86926336
661.5 87343360
662 87667712
662.5 88084736
663 88918784
663.5 90030848
664 89289472
664.5 89428480
665 89845504
665.5 90169856
666 90586880
666.5 90911232
667 91281920
667.5 91698944
668 92579328
668.5 92903680
669 92718336
669.5 93042688
670 93413376
670.5 93830400
671 94154752
671.5 94571776
672 94896128
672.5 95313152
673 95869184
673.5 95915520
674 96332544
674.5 96610560
675 96656896
675.5 96656896
676 96703232
676.5 96656896
677 96656896
677.5 96656896
678 96656896
678.5 96656896
679 96656896
679.5 96656896
680 96656896
680.5 96703232
681 96656896
681.5 96656896
682 96656896
682.5 96656896
683 96656896
683.5 96656896
684 96656896
684.5 96656896
685 96703232
685.5 96656896
686 96656896
686.5 96656896
687 96656896
687.5 96656896
688 96656896
688.5 96656896
689 96656896
689.5 96703232
690 96656896
690.5 96656896
691 96656896
691.5 96656896
692 96656896
692.5 96656896
693 96656896
693.5 96703232
694 96656896
694.5 96656896
695 96656896
695.5 96656896
696 96656896
696.5 96656896
697 96656896
697.5 96656896
698 96703232
698.5 96656896
699 96656896
699.5 96656896
700 96656896
700.5 96656896
701 96656896
701.5 96656896
702 96656896
702.5 96703232
703 96656896
703.5 96656896
704 96656896
704.5 96656896
705 96656896
705.5 76917760
706 57595648
706.5 59078400
707 59449088
707.5 59866112
708 60190464
708.5 60561152
709 60931840
709.5 61348864
710 60653824
710.5 60746496
711 61209856
711.5 62692608
712 63063296
712.5 63433984
713 63851008
713.5 64175360
714 64546048
714.5 64360704
715 63943680
715.5 64360704
716 64824064
716.5 66306816
717 66677504
717.5 67048192
718 67465216
718.5 67789568
719 68021248
719.5 67187200
720 67604224
720.5 67928576
721 68438272
721.5 69921024
722 70338048
722.5 70662400
723 71033088
723.5 71403776
724 70708736
724.5 70847744
725 71172096
725.5 71589120
726 72052480
726.5 73535232
727 73952256
727.5 74276608
728 74647296
728.5 74369280
729 74091264
729.5 74415616
730 74832640
730.5 75156992
731 75713024
731.5 77149440
732 77520128
732.5 77937152
733 78029824
733.5 77288448
734 77705472
734.5 78029824
735 78446848
735.5 78771200
736 79327232
736.5 80763648
737 81134336
737.5 81505024
738 80763648
738.5 80948992
739 81273344
739.5 81644032
740 82061056
740.5 82385408
741 82941440
741.5 84424192
742 84748544
742.5 84377856
743 84192512
743.5 84516864
744 84933888
744.5 85258240
745 85675264
745.5 85999616
746 86555648
746.5 88038400
747 88038400
747.5 87436032
748 87760384
748.5 88177408
749 88501760
749.5 88918784
750 89243136
750.5 89660160
751 90169856
751.5 91606272
752 90772224
752.5 91050240
753 91374592
753.5 91791616
754 92115968
754.5 92532992
755 92857344
755.5 93228032
756 93830400
756.5 94432768
757 94293760
757.5 94618112
758 94988800
758.5 95405824
759 95730176
759.5 96147200
760 96471552
760.5 96656896
761 96703232
761.5 96656896
762 96656896
762.5 96656896
763 96656896
763.5 96656896
764 96656896
764.5 96656896
765 96703232
765.5 96656896
766 96656896
766.5 96656896
767 96656896
767.5 96656896
768 96656896
768.5 96656896
769 96656896
769.5 96703232
770 96656896
770.5 96656896
771 96656896
771.5 96656896
772 96656896
772.5 96656896
773 96656896
773.5 96656896
774 96703232
774.5 96656896
775 96656896
775.5 96656896
776 96656896
776.5 96656896
777 96656896
777.5 96656896
778 96703232
778.5 96656896
779 96656896
779.5 96656896
780 96656896
780.5 96656896
781 96656896
781.5 96656896
782 96656896
782.5 96703232
783 96656896
783.5 96656896
784 96656896
784.5 96656896
785 96656896
785.5 96656896
786 96656896
786.5 96656896
787 96703232
787.5 96656896
788 96656896
788.5 96656896
789 96656896
789.5 96656896
790 96656896
790.5 96656896
791 76176384
791.5 83729152
792 58939392
792.5 59263744
793 59495424
793.5 58661376
794 59078400
794.5 60422144
795 61024512
795.5 61441536
796 61765888
796.5 62136576
797 62507264
797.5 62924288
798 62182912
798.5 62275584
799 62692608
799.5 64036352
800 64638720
800.5 65055744
801 65380096
801.5 65750784
802 66121472
802.5 65889792
803 65519104
803.5 65936128
804 66260480
804.5 67696896
805 68252928
805.5 68623616
806 69040640
806.5 69364992
807 69504000
807.5 68808960
808 69133312
808.5 69550336
809 69874688
809.5 71311104
810 71867136
810.5 72237824
811 72608512
811.5 73025536
812 72191488
812.5 72423168
813 72747520
813.5 73164544
814 73488896
814.5 74925312
815 75527680
815.5 75852032
816 76222720
816.5 75898368
817 75620352
817.5 76037376
818 76361728
818.5 76778752
819 77103104
819.5 78539520
820 79141888
820.5 79466240
821 79558912
821.5 78863872
822 79280896
822.5 79605248
823 80022272
823.5 80346624
824 80763648
824.5 82153728
825 82709760
825.5 83080448
826 82292736
826.5 82478080
827 82895104
827.5 83219456
828 83590144
828.5 84007168
829 84331520
829.5 85814272
830 86323968
830.5 85953280
831 85721600
831.5 86092288
832 86509312
832.5 86833664
833 87250688
833.5 87575040
834 87992064
834.5 89428480
835 89567488
835.5 88965120
836 89382144
836.5 89706496
837 90123520
837.5 90447872
838 90864896
838.5 91189248
839 91606272
839.5 93042688
840 92254976
840.5 92625664
841 92950016
841.5 93367040
842 93691392
842.5 94108416
843 94432768
843.5 94849792
844 95174144
844.5 95822848
845 95822848
845.5 96239872
846 96564224
846.5 96656896
847 96656896
847.5 96656896
848 96656896
848.5 96656896
849 96656896
849.5 96656896
850 96703232
850.5 96656896
851 96656896
851.5 96656896
852 96656896
852.5 96656896
853 96656896
853.5 96656896
854 96703232
854.5 96656896
855 96656896
855.5 96656896
856 96656896
856.5 96656896
857 96656896
857.5 96656896
858 96656896
858.5 96703232
859 96656896
859.5 96656896
860 96656896
860.5 96656896
861 96656896
861.5 96656896
862 96656896
862.5 96656896
863 96703232
863.5 96656896
864 96656896
864.5 96656896
865 96656896
865.5 96656896
866 96656896
866.5 96656896
867 96703232
867.5 96656896
868 96656896
868.5 96656896
869 96656896
869.5 96656896
870 96656896
870.5 96656896
871 96656896
871.5 96703232
872 96656896
872.5 96656896
873 96656896
873.5 96656896
874 96656896
874.5 96656896
875 96656896
875.5 96656896
876 96703232
876.5 96656896
877 86787328
877.5 58059008
878 58985728
878.5 59356416
879 59727104
879.5 60097792
880 60514816
880.5 60839168
881 61024512
881.5 60236800
882 60653824
882.5 61626880
883 62646272
883.5 62970624
884 63341312
884.5 63712000
885 64129024
885.5 64453376
886 63712000
886.5 63851008
887 64268032
887.5 65287424
888 66214144
888.5 66631168
889 66955520
889.5 67326208
890 67696896
890.5 67372544
891 67140864
891.5 67465216
892 67882240
892.5 68901632
893 69828352
893.5 70245376
894 70569728
894.5 70940416
895 71033088
895.5 70384384
896 70708736
896.5 71125760
897 71450112
897.5 72562176
898 73442560
898.5 73813248
899 74183936
899.5 74600960
