0 2 -1
0.5 6 6
1 28 50
1.5 141 276
2 711 1416
2.5 327 3583
3 522 5379
3.5 526 7411
4 530 9459
4.5 534 11521
5 538 13601
5.5 542 15755
6 546 17903
6.5 550 20011
7 553 22131
7.5 557 24287
8 561 26457
8.5 565 28647
9 569 30851
9.5 573 33069
10 577 35305
10.5 581 37615
11 585 39913
11.5 588 42145
12 592 44419
12.5 596 46731
13 600 49057
13.5 604 51403
14 608 53763
14.5 612 56137
15 616 58529
15.5 620 60995
16 624 63409
16.5 627 65799
17 631 68229
17.5 635 70697
18 639 73179
18.5 643 75681
19 647 78195
19.5 651 80725
20 655 83273
20.5 659 85897
21 662 88427
21.5 666 90973
22 670 93559
22.5 674 96181
23 678 98819
23.5 682 101477
24 686 104149
24.5 690 106835
25 694 109539
25.5 697 112281
26 701 114965
26.5 705 117667
27 709 120409
27.5 713 123189
28 717 125983
28.5 721 128797
29 725 131623
29.5 729 134467
30 733 137327
30.5 736 140185
31 740 143025
31.5 744 145883
32 748 148781
32.5 752 151717
33 756 154667
33.5 760 157637
34 764 160619
34.5 768 163619
35 771 166629
35.5 775 169609
36 779 172607
36.5 783 175619
37 787 178675
37.5 791 181765
38 795 184873
38.5 799 187997
39 803 191137
39.5 807 194293
40 810 197419
40.5 814 200555
41 818 203707
41.5 822 206877
42 826 210087
42.5 830 213335
43 834 216599
43.5 838 219879
44 842 223175
44.5 845 226451
45 849 229729
45.5 853 233021
46 857 236331
46.5 861 239655
47 865 243023
47.5 869 246427
48 873 249847
48.5 877 253281
49 881 256711
49.5 884 260127
50 888 263561
50.5 892 267009
51 896 270475
51.5 900 273955
52 904 277479
52.5 908 281039
53 912 284615
53.5 916 288195
54 919 291751
54.5 923 295325
55 927 298913
55.5 931 302519
56 935 306139
56.5 939 309777
57 943 313455
57.5 947 317173
58 951 320903
58.5 955 324601
59 958 328313
59.5 962 332041
60 966 335787
60.5 970 339547
61 974 343325
61.5 978 347117
62 982 350953
62.5 986 354827
63 990 358673
63.5 993 362527
64 997 366395
64.5 1001 370281
65 1005 374181
65.5 1009 378099
66 1013 382031
66.5 1017 385981
67 1021 389973
67.5 1025 393973
68 1029 397965
68.5 1032 401975
69 1036 405999
69.5 1040 410041
70 1044 414097
70.5 1048 418171
71 1052 422259
71.5 1056 426365
72 1060 430497
72.5 1064 434629
73 1067 438779
73.5 1071 442943
74 1075 447115
74.5 1079 451287
75 1083 455459
75.5 1087 459633
76 1091 463805
76.5 1094 467977
77 1098 472149
77.5 1102 476321
78 1106 480493
78.5 1110 484665
79 1113 488837
79.5 1117 493009
80 1121 497183
80.5 1125 501355
81 1128 505527
81.5 1132 509699
82 1136 513871
82.5 1139 518043
83 1143 522215
83.5 1147 526387
84 1150 530561
84.5 1154 534733
85 1157 538905
85.5 1161 543077
86 1165 547249
86.5 1168 551421
87 1172 555593
87.5 1175 559765
88 1179 563937
88.5 1182 568111
89 1186 572283
89.5 1189 576455
90 1193 580627
90.5 1196 584799
91 1200 588971
91.5 1203 593143
92 1207 597315
92.5 1210 601487
93 1214 605661
93.5 1217 609833
94 1221 614005
94.5 1224 618177
95 1227 622349
95.5 1231 626521
96 1234 630693
96.5 1238 634865
97 1241 639039
97.5 1244 643211
98 1248 647383
98.5 1251 651555
99 1254 655727
99.5 1258 659899
100 1261 664071
100.5 1264 668243
101 1268 672415
101.5 1271 676589
102 1274 680761
102.5 1277 684933
103 1281 689105
103.5 1284 693277
104 1287 697449
104.5 695 700433
105 648 704199
105.5 652 706743
106 656 709301
106.5 660 711875
107 664 714465
107.5 668 717073
108 672 719667
108.5 676 722249
109 679 724845
109.5 683 727511
110 687 730193
110.5 691 732891
111 695 735605
111.5 699 738337
112 703 741083
112.5 707 743837
113 711 746557
113.5 715 749295
114 718 752047
114.5 722 754869
115 726 757707
115.5 730 760561
116 734 763431
116.5 738 766319
117 742 769221
117.5 746 772091
118 750 774967
118.5 753 777861
119 757 780769
119.5 761 783747
120 765 786743
120.5 769 789753
121 773 792779
121.5 777 795821
122 781 798849
122.5 785 801867
123 788 804899
123.5 792 807949
124 796 811013
124.5 800 814147
125 804 817299
125.5 808 820465
126 812 823647
126.5 816 826833
127 820 829991
127.5 824 833163
128 827 836353
128.5 831 839557
129 835 842779
129.5 839 846069
130 843 849375
130.5 847 852697
131 851 856037
131.5 855 859339
132 859 862653
132.5 862 865981
133 866 869325
133.5 870 872687
134 874 876065
134.5 878 879511
135 882 882973
135.5 886 886451
136 890 889913
136.5 894 893365
137 898 896835
137.5 901 900319
138 905 903821
138.5 909 907337
139 913 910871
139.5 917 914475
140 921 918093
140.5 925 921711
141 929 925305
141.5 933 928913
142 936 932539
142.5 940 936179
143 944 939837
143.5 948 943509
144 952 947199
144.5 956 950959
145 960 954733
145.5 964 958469
146 968 962217
146.5 972 965983
147 975 969763
147.5 979 973561
148 983 977373
148.5 987 981201
149 991 985049
149.5 995 988963
150 999 992857
150.5 1003 996747
151 1007 1000651
151.5 1010 1004571
152 1014 1008509
152.5 1018 1012461
153 1022 1016431
153.5 1026 1020415
154 1030 1024419
154.5 1034 1028471
155 1038 1032499
155.5 1042 1036545
156 1046 1040605
156.5 1049 1044683
157 1053 1048775
157.5 1057 1052885
158 1061 1057009
158.5 1065 1061151
159 1069 1065309
159.5 1073 1069477
160 1077 1073651
160.5 1081 1077823
161 1084 1081995
161.5 1088 1086167
162 1092 1090339
162.5 1096 1094511
163 1100 1098683
163.5 1103 1102855
164 1107 1107027
164.5 1111 1111201
165 1115 1115373
165.5 1118 1119545
166 1122 1123717
166.5 1126 1127889
167 1130 1132061
167.5 1133 1136233
168 1137 1140405
168.5 1141 1144579
169 1144 1148751
169.5 1148 1152923
170 1152 1157095
170.5 1155 1161267
171 1159 1165439
171.5 1162 1169611
172 1166 1173783
172.5 1170 1177955
173 1173 1182129
173.5 1177 1186301
174 1180 1190473
174.5 1184 1194645
175 1187 1198817
175.5 1191 1202989
176 1194 1207161
176.5 1198 1211333
177 1201 1215505
177.5 1205 1219679
178 1208 1223851
178.5 1212 1228023
179 1215 1232195
179.5 1218 1236367
180 1222 1240539
180.5 1225 1244711
181 1229 1248883
181.5 1232 1253055
182 1235 1257229
182.5 1239 1261401
183 1242 1265573
183.5 1246 1269745
184 1249 1273917
184.5 1252 1278089
185 1256 1282261
185.5 1259 1286433
186 1262 1290607
186.5 1265 1294779
187 1269 1298951
187.5 1272 1303123
188 1275 1307295
188.5 1279 1311467
189 1282 1315639
189.5 1285 1319811
190 1288 1323983
190.5 646 1327663
191 650 1330197
191.5 654 1332699
192 658 1335209
192.5 661 1337771
193 665 1340365
193.5 669 1342977
194 673 1345603
194.5 677 1348245
195 681 1350903
195.5 685 1353579
196 689 1356239
196.5 693 1358887
197 696 1361553
197.5 700 1364271
198 704 1367021
198.5 708 1369789
199 712 1372571
199.5 716 1375369
200 720 1378183
200.5 724 1381003
201 728 1383791
201.5 732 1386597
202 735 1389417
202.5 739 1392293
203 743 1395199
203.5 747 1398121
204 751 1401059
204.5 755 1404015
205 759 1406985
205.5 763 1409919
206 767 1412865
206.5 770 1415825
207 774 1418803
207.5 778 1421835
208 782 1424897
208.5 786 1427975
209 790 1431069
209.5 794 1434181
210 798 1437273
210.5 802 1440359
211 805 1443459
211.5 809 1446577
212 813 1449709
212.5 817 1452897
213 821 1456117
213.5 825 1459351
214 829 1462601
214.5 833 1465853
215 837 1469077
215.5 841 1472319
216 844 1475575
216.5 848 1478849
217 852 1482137
217.5 856 1485481
218 860 1488857
218.5 864 1492247
219 868 1495653
219.5 872 1499021
220 876 1502403
220.5 879 1505799
221 883 1509211
221.5 887 1512641
222 891 1516085
222.5 895 1519587
223 899 1523117
223.5 903 1526663
224 907 1530189
224.5 911 1533711
225 915 1537247
225.5 918 1540801
226 922 1544369
226.5 926 1547955
227 930 1551555
227.5 934 1555213
228 938 1558899
228.5 942 1562583
229 946 1566245
229.5 950 1569921
230 953 1573615
230.5 957 1577323
231 961 1581049
231.5 965 1584789
232 969 1588547
232.5 973 1592361
233 977 1596203
233.5 981 1600003
234 985 1603821
234.5 989 1607653
235 992 1611503
235.5 996 1615367
236 1000 1619249
236.5 1004 1623145
237 1008 1627057
237.5 1012 1631027
238 1016 1634987
238.5 1020 1638945
239 1024 1642917
239.5 1027 1646905
240 1031 1650911
240.5 1035 1654931
241 1039 1658969
241.5 1043 1663021
242 1047 1667091
242.5 1051 1671195
243 1055 1675293
243.5 1059 1679405
244 1063 1683535
244.5 1066 1687679
245 1070 1691841
245.5 1074 1696013
246 1078 1700185
246.5 1082 1704357
247 1086 1708529
247.5 1090 1712701
248 1093 1716873
248.5 1097 1721045
249 1101 1725219
249.5 1105 1729391
250 1109 1733563
250.5 1112 1737735
251 1116 1741907
251.5 1120 1746079
252 1124 1750251
252.5 1127 1754423
253 1131 1758595
253.5 1135 1762769
254 1138 1766941
254.5 1142 1771113
255 1146 1775285
255.5 1149 1779457
256 1153 1783629
256.5 1157 1787801
257 1160 1791973
257.5 1164 1796147
258 1167 1800319
258.5 1171 1804491
259 1174 1808663
259.5 1178 1812835
260 1181 1817007
260.5 1185 1821179
261 1189 1825351
261.5 1192 1829523
262 1196 1833697
262.5 1199 1837869
263 1202 1842041
263.5 1206 1846213
264 1209 1850385
264.5 1213 1854557
265 1216 1858729
265.5 1220 1862901
266 1223 1867073
266.5 1227 1871247
267 1230 1875419
267.5 1233 1879591
268 1237 1883763
268.5 1240 1887935
269 1243 1892107
269.5 1247 1896279
270 1250 1900451
270.5 1253 1904625
271 1257 1908797
271.5 1260 1912969
272 1263 1917141
272.5 1267 1921313
273 1270 1925485
273.5 1273 1929657
274 1277 1933829
274.5 1280 1938001
275 1283 1942175
275.5 1286 1946347
276 1255 1950449
276.5 647 1953545
277 651 1956083
277.5 655 1958637
278 659 1961209
278.5 663 1963795
279 667 1966397
279.5 671 1968965
280 675 1971541
280.5 678 1974157
281 682 1976821
281.5 686 1979499
282 690 1982193
282.5 694 1984903
283 698 1987631
283.5 702 1990373
284 706 1993099
284.5 710 1995815
285 713 1998549
285.5 717 2001321
286 721 2004139
286.5 725 2006975
287 729 2009825
287.5 733 2012691
288 737 2015573
288.5 741 2018457
289 745 2021315
289.5 749 2024187
290 752 2027077
290.5 756 2030005
291 760 2032979
291.5 764 2035969
292 768 2038977
292.5 772 2041999
293 776 2045037
293.5 780 2048037
294 784 2051051
294.5 787 2054079
295 791 2057125
295.5 795 2060211
296 799 2063341
296.5 803 2066487
297 807 2069649
297.5 811 2072829
298 815 2075987
298.5 819 2079139
299 823 2082309
299.5 826 2085493
300 830 2088695
300.5 834 2091937
301 838 2095223
301.5 842 2098525
302 846 2101843
302.5 850 2105161
303 854 2108453
303.5 858 2111763
304 861 2115087
304.5 865 2118429
305 869 2121785
305.5 873 2125183
306 877 2128627
306.5 881 2132085
307 885 2135559
307.5 889 2138993
308 893 2142441
308.5 896 2145907
309 900 2149387
309.5 904 2152883
310 908 2156397
310.5 912 2159951
311 916 2163549
311.5 920 2167165
312 924 2170755
312.5 928 2174345
313 932 2177949
313.5 935 2181571
314 939 2185207
314.5 943 2188861
315 947 2192529
315.5 951 2196241
316 955 2199995
316.5 959 2203745
317 963 2207473
317.5 967 2211219
318 970 2214979
318.5 974 2218757
319 978 2222549
319.5 982 2226359
320 986 2230183
320.5 990 2234051
321 994 2237959
321.5 998 2241827
322 1002 2245713
322.5 1006 2249613
323 1009 2253531
323.5 1013 2257463
324 1017 2261413
324.5 1021 2265377
325 1025 2269359
325.5 1029 2273381
326 1033 2277407
326.5 1037 2281431
327 1041 2285473
327.5 1044 2289529
328 1048 2293601
328.5 1052 2297691
329 1056 2301795
329.5 1060 2305917
330 1064 2310053
330.5 1068 2314211
331 1072 2318375
331.5 1076 2322547
332 1080 2326719
332.5 1083 2330891
333 1087 2335063
333.5 1091 2339237
334 1095 2343409
334.5 1099 2347581
335 1102 2351753
335.5 1106 2355925
336 1110 2360097
336.5 1114 2364269
337 1117 2368441
337.5 1121 2372613
338 1125 2376787
338.5 1129 2380959
339 1132 2385131
339.5 1136 2389303
340 1140 2393475
340.5 1143 2397647
341 1147 2401819
341.5 1151 2405991
342 1154 2410163
342.5 1158 2414337
343 1161 2418509
343.5 1165 2422681
344 1169 2426853
344.5 1172 2431025
345 1176 2435197
345.5 1179 2439369
346 1183 2443541
346.5 1186 2447715
347 1190 2451887
347.5 1193 2456059
348 1197 2460231
348.5 1200 2464403
349 1204 2468575
349.5 1207 2472747
350 1211 2476919
350.5 1214 2481091
351 1218 2485265
351.5 1221 2489437
352 1224 2493609
352.5 1228 2497781
353 1231 2501953
353.5 1235 2506125
354 1238 2510297
354.5 1241 2514469
355 1245 2518641
355.5 1248 2522815
356 1251 2526987
356.5 1255 2531159
357 1258 2535331
357.5 1261 2539503
358 1265 2543675
358.5 1268 2547847
359 1271 2552019
359.5 1274 2556193
360 1278 2560365
360.5 1281 2564537
361 1284 2568709
361.5 1288 2572881
362 645 2577009
362.5 649 2579527
363 653 2582015
363.5 656 2584529
364 660 2587103
364.5 664 2589693
365 668 2592299
365.5 672 2594923
366 676 2597561
366.5 680 2600215
367 684 2602885
367.5 688 2605519
368 692 2608163
368.5 695 2610833
369 699 2613565
369.5 703 2616311
370 707 2619073
370.5 711 2621851
371 715 2624647
371.5 719 2627457
372 723 2630247
372.5 727 2633033
373 730 2635833
373.5 734 2638659
374 738 2641547
374.5 742 2644449
375 746 2647367
375.5 750 2650301
376 754 2653253
376.5 758 2656201
377 762 2659127
377.5 766 2662067
378 769 2665025
378.5 773 2668007
379 777 2671049
379.5 781 2674107
380 785 2677183
380.5 789 2680273
381 793 2683379
381.5 797 2686445
382 801 2689527
382.5 804 2692623
383 808 2695735
383.5 812 2698875
384 816 2702073
384.5 820 2705287
385 824 2708519
385.5 828 2711765
386 832 2714989
386.5 836 2718209
387 840 2721447
387.5 843 2724699
388 847 2727969
388.5 851 2731265
389 855 2734619
389.5 859 2737989
390 863 2741375
390.5 867 2744757
391 871 2748119
391.5 875 2751495
392 878 2754889
392.5 882 2758297
393 886 2761723
393.5 890 2765175
394 894 2768685
394.5 898 2772211
395 902 2775751
395.5 906 2779253
396 910 2782769
396.5 914 2786303
397 917 2789851
397.5 921 2793417
398 925 2796997
398.5 929 2800605
399 933 2804271
399.5 937 2807955
400 941 2811611
400.5 945 2815269
401 949 2818941
401.5 952 2822629
402 956 2826335
402.5 960 2830055
403 964 2833793
403.5 968 2837557
404 972 2841379
404.5 976 2845195
405 980 2848991
405.5 984 2852805
406 987 2856633
406.5 991 2860479
407 995 2864339
407.5 999 2868217
408 1003 2872109
408.5 1007 2876031
409 1011 2880003
409.5 1015 2883941
410 1019 2887893
410.5 1023 2891863
411 1026 2895847
411.5 1030 2899849
412 1034 2903865
412.5 1038 2907899
413 1042 2911947
413.5 1046 2916025
414 1050 2920115
414.5 1054 2924207
415 1058 2928317
415.5 1061 2932441
416 1065 2936583
416.5 1069 2940739
417 1073 2944909
417.5 1077 2949081
418 1081 2953255
418.5 1085 2957427
419 1089 2961599
419.5 1092 2965771
420 1096 2969943
420.5 1100 2974115
421 1104 2978287
421.5 1108 2982459
422 1111 2986631
422.5 1115 2990805
423 1119 2994977
423.5 1123 2999149
424 1126 3003321
424.5 1130 3007493
425 1134 3011665
425.5 1137 3015837
426 1141 3020009
426.5 1145 3024181
427 1148 3028355
427.5 1152 3032527
428 1156 3036699
428.5 1159 3040871
429 1163 3045043
429.5 1166 3049215
430 1170 3053387
430.5 1173 3057559
431 1177 3061733
431.5 1181 3065905
432 1184 3070077
432.5 1188 3074249
433 1191 3078421
433.5 1195 3082593
434 1198 3086765
434.5 1202 3090937
435 1205 3095109
435.5 1208 3099283
436 1212 3103455
436.5 1215 3107627
437 1219 3111799
437.5 1222 3115971
438 1226 3120143
438.5 1229 3124315
439 1232 3128487
439.5 1236 3132659
440 1239 3136833
440.5 1243 3141005
441 1246 3145177
441.5 1249 3149349
442 1253 3153521
442.5 1256 3157693
443 1259 3161865
443.5 1263 3166037
444 1266 3170209
444.5 1269 3174383
445 1272 3178555
445.5 1276 3182727
446 1279 3186899
446.5 1282 3191071
447 1285 3195243
447.5 1289 3199415
448 646 3202891
448.5 650 3205425
449 654 3207975
449.5 658 3210541
450 662 3213125
450.5 666 3215707
451 670 3218263
451.5 673 3220837
452 677 3223473
452.5 681 3226131
453 685 3228805
453.5 689 3231497
454 693 3234203
454.5 697 3236925
455 701 3239663
455.5 705 3242361
456 709 3245075
456.5 712 3247803
457 716 3250597
457.5 720 3253411
458 724 3256241
458.5 728 3259089
459 732 3261951
459.5 736 3264829
460 740 3267685
460.5 744 3270539
461 747 3273407
461.5 751 3276293
462 755 3279243
462.5 759 3282213
463 763 3285199
463.5 767 3288201
464 771 3291221
464.5 775 3294235
465 779 3297227
465.5 783 3300237
466 786 3303261
466.5 790 3306303
467 794 3309409
467.5 798 3312535
468 802 3315677
468.5 806 3318835
469 810 3322009
469.5 814 3325141
470 818 3328291
470.5 821 3331455
471 825 3334635
471.5 829 3337833
472 833 3341095
472.5 837 3344377
473 841 3347677
473.5 845 3350991
474 849 3354279
474.5 853 3357569
475 857 3360873
475.5 860 3364195
476 864 3367531
476.5 868 3370885
477 872 3374303
477.5 876 3377741
478 880 3381197
478.5 884 3384643
479 888 3388073
479.5 892 3391517
480 895 3394979
480.5 899 3398455
481 903 3401949
481.5 907 3405457
482 911 3409033
482.5 915 3412627
483 919 3416233
483.5 923 3419801
484 927 3423387
484.5 931 3426987
485 934 3430605
485.5 938 3434237
486 942 3437887
486.5 946 3441551
487 950 3445283
487.5 954 3449033
488 958 3452755
488.5 962 3456481
489 966 3460221
489.5 969 3463977
490 973 3467751
490.5 977 3471539
491 981 3475345
491.5 985 3479165
492 989 3483053
492.5 993 3486933
493 997 3490799
493.5 1001 3494679
494 1004 3498577
494.5 1008 3502489
495 1012 3506419
495.5 1016 3510363
496 1020 3514325
496.5 1024 3518301
497 1028 3522337
497.5 1032 3526343
498 1036 3530363
498.5 1040 3534401
499 1043 3538453
499.5 1047 3542523
500 1051 3546607
500.5 1055 3550709
501 1059 3554825
501.5 1063 3558959
502 1067 3563111
502.5 1071 3567273
503 1075 3571445
503.5 1078 3575617
504 1082 3579789
504.5 1086 3583961
505 1090 3588133
505.5 1094 3592305
506 1098 3596477
506.5 1101 3600649
507 1105 3604823
507.5 1109 3608995
508 1113 3613167
508.5 1116 3617339
509 1120 3621511
509.5 1124 3625683
510 1128 3629855
510.5 1131 3634027
511 1135 3638199
511.5 1139 3642373
512 1142 3646545
512.5 1146 3650717
513 1150 3654889
513.5 1153 3659061
514 1157 3663233
514.5 1160 3667405
515 1164 3671577
515.5 1168 3675749
516 1171 3679923
516.5 1175 3684095
517 1178 3688267
517.5 1182 3692439
518 1185 3696611
518.5 1189 3700783
519 1192 3704955
519.5 1196 3709127
520 1199 3713301
520.5 1203 3717473
521 1206 3721645
521.5 1210 3725817
522 1213 3729989
522.5 1217 3734161
523 1220 3738333
523.5 1223 3742505
524 1227 3746677
524.5 1230 3750851
525 1234 3755023
525.5 1237 3759195
526 1240 3763367
526.5 1244 3767539
527 1247 3771711
527.5 1250 3775883
528 1254 3780055
528.5 1257 3784227
529 1260 3788401
529.5 1264 3792573
530 1267 3796745
530.5 1270 3800917
531 1274 3805089
531.5 1277 3809261
532 1280 3813433
532.5 1283 3817605
533 1287 3821779
533.5 1051 3825473
534 648 3828847
534.5 652 3831331
535 655 3833865
535.5 659 3836437
536 663 3839023
536.5 667 3841625
537 671 3844243
537.5 675 3846879
538 679 3849529
538.5 683 3852175
539 687 3854801
539.5 690 3857441
540 694 3860131
540.5 698 3862859
541 702 3865601
541.5 706 3868359
542 710 3871133
542.5 714 3873923
543 718 3876729
543.5 722 3879493
544 726 3882275
544.5 729 3885071
545 733 3887919
545.5 737 3890801
546 741 3893699
546.5 745 3896615
547 749 3899545
547.5 753 3902491
548 757 3905413
548.5 761 3908333
549 764 3911271
549.5 768 3914223
550 772 3917227
550.5 776 3920265
551 780 3923319
551.5 784 3926391
552 788 3929477
552.5 792 3932557
553 796 3935617
553.5 800 3938695
554 803 3941787
554.5 807 3944897
555 811 3948057
555.5 815 3951251
556 819 3954461
556.5 823 3957687
557 827 3960925
557.5 831 3964127
558 835 3967343
558.5 838 3970577
559 842 3973825
559.5 846 3977089
560 850 3980405
560.5 854 3983757
561 858 3987123
561.5 862 3990505
562 866 3993859
562.5 870 3997217
563 874 4000589
563.5 877 4003979
564 881 4007383
564.5 885 4010805
565 889 4014277
565.5 893 4017783
566 897 4021307
566.5 901 4024819
567 905 4028315
567.5 909 4031829
568 912 4035357
568.5 916 4038903
569 920 4042463
569.5 924 4046041
570 928 4049669
570.5 932 4053331
571 936 4057003
571.5 940 4060639
572 944 4064293
572.5 948 4067961
573 951 4071647
573.5 955 4075347
574 959 4079065
574.5 963 4082797
575 967 4086583
575.5 971 4090401
576 975 4094189
576.5 979 4097981
577 983 4101791
577.5 986 4105615
578 990 4109455
578.5 994 4113313
579 998 4117185
579.5 1002 4121075
580 1006 4125017
580.5 1010 4128963
581 1014 4132895
581.5 1018 4136843
582 1022 4140809
582.5 1025 4144789
583 1029 4148787
583.5 1033 4152799
584 1037 4156829
584.5 1041 4160873
585 1045 4164961
585.5 1049 4169033
586 1053 4173123
586.5 1057 4177227
587 1060 4181349
587.5 1064 4185485
588 1068 4189639
588.5 1072 4193807
589 1076 4197979
589.5 1080 4202151
590 1084 4206323
590.5 1088 4210495
591 1091 4214667
591.5 1095 4218841
592 1099 4223013
592.5 1103 4227185
593 1107 4231357
593.5 1110 4235529
594 1114 4239701
594.5 1118 4243873
595 1122 4248045
595.5 1125 4252217
596 1129 4256391
596.5 1133 4260563
597 1136 4264735
597.5 1140 4268907
598 1144 4273079
598.5 1147 4277251
599 1151 4281423
599.5 1155 4285595
600 1158 4289767
600.5 1162 4293941
601 1165 4298113
601.5 1169 4302285
602 1173 4306457
602.5 1176 4310629
603 1180 4314801
603.5 1183 4318973
604 1187 4323145
604.5 1190 4327319
605 1194 4331491
605.5 1197 4335663
606 1201 4339835
606.5 1204 4344007
607 1208 4348179
607.5 1211 4352351
608 1214 4356523
608.5 1218 4360695
609 1221 4364869
609.5 1225 4369041
610 1228 4373213
610.5 1232 4377385
611 1235 4381557
611.5 1238 4385729
612 1242 4389901
612.5 1245 4394073
613 1248 4398245
613.5 1252 4402419
614 1255 4406591
614.5 1258 4410763
615 1262 4414935
615.5 1265 4419107
616 1268 4423279
616.5 1272 4427451
617 1275 4431623
617.5 1278 4435795
618 1281 4439969
618.5 1285 4444141
619 1288 4448313
619.5 645 4452237
620 649 4454769
620.5 653 4457315
621 657 4459877
621.5 661 4462455
622 665 4465009
622.5 669 4467563
623 672 4470151
623.5 676 4472789
624 680 4475443
624.5 684 4478113
625 688 4480801
625.5 692 4483503
626 696 4486221
626.5 700 4488933
627 704 4491627
627.5 707 4494335
628 711 4497079
628.5 715 4499875
629 719 4502685
629.5 723 4505511
630 727 4508353
630.5 731 4511211
631 735 4514083
631.5 739 4516915
632 743 4519765
632.5 746 4522629
633 750 4525529
633.5 754 4528479
634 758 4531447
634.5 762 4534429
635 766 4537427
635.5 770 4540441
636 774 4543429
636.5 778 4546417
637 781 4549423
637.5 785 4552443
638 789 4555501
638.5 793 4558607
639 797 4561729
639.5 801 4564869
640 805 4568023
640.5 809 4571167
641 813 4574297
641.5 817 4577441
642 820 4580603
642.5 824 4583779
643 828 4586993
643.5 832 4590255
644 836 4593533
644.5 840 4596829
645 844 4600131
645.5 848 4603401
646 852 4606685
646.5 855 4609987
647 859 4613303
647.5 863 4616637
648 867 4620005
648.5 871 4623425
649 875 4626859
649.5 879 4630309
650 883 4633729
650.5 887 4637155
651 891 4640595
651.5 894 4644051
652 898 4647525
652.5 902 4651013
653 906 4654539
653.5 910 4658115
654 914 4661705
654.5 918 4665283
655 922 4668847
655.5 926 4672429
656 929 4676025
656.5 933 4679639
657 937 4683267
657.5 941 4686913
658 945 4690595
658.5 949 4694325
659 953 4698061
659.5 957 4701767
660 961 4705487
660.5 965 4709225
661 968 4712977
661.5 972 4716747
662 976 4720531
662.5 980 4724333
663 984 4728171
663.5 988 4732057
664 992 4735911
664.5 996 4739771
665 1000 4743649
665.5 1003 4747541
666 1007 4751451
666.5 1011 4755375
667 1015 4759315
667.5 1019 4763273
668 1023 4767269
668.5 1027 4771279
669 1031 4775281
669.5 1035 4779297
670 1039 4783329
670.5 1042 4787379
671 1046 4791443
671.5 1050 4795525
672 1054 4799621
672.5 1058 4803735
673 1062 4807873
673.5 1066 4812013
674 1070 4816171
674.5 1074 4820341
675 1077 4824513
675.5 1081 4828685
676 1085 4832859
676.5 1089 4837031
677 1093 4841203
677.5 1097 4845375
678 1100 4849547
678.5 1104 4853719
679 1108 4857891
679.5 1112 4862063
680 1115 4866235
680.5 1119 4870409
681 1123 4874581
681.5 1127 4878753
682 1130 4882925
682.5 1134 4887097
683 1138 4891269
683.5 1141 4895441
684 1145 4899613
684.5 1149 4903785
685 1152 4907959
685.5 1156 4912131
686 1159 4916303
686.5 1163 4920475
687 1167 4924647
687.5 1170 4928819
688 1174 4932991
688.5 1177 4937163
689 1181 4941335
689.5 1184 4945509
690 1188 4949681
690.5 1191 4953853
691 1195 4958025
691.5 1198 4962197
692 1202 4966369
692.5 1205 4970541
693 1209 4974713
693.5 1212 4978887
694 1216 4983059
694.5 1219 4987231
695 1223 4991403
695.5 1226 4995575
696 1229 4999747
696.5 1233 5003919
697 1236 5008091
697.5 1239 5012263
698 1243 5016437
698.5 1246 5020609
699 1250 5024781
699.5 1253 5028953
700 1256 5033125
700.5 1260 5037297
701 1263 5041469
701.5 1266 5045641
702 1269 5049813
702.5 1273 5053987
703 1276 5058159
703.5 1279 5062331
704 1283 5066503
704.5 1286 5070675
705 1289 5074847
705.5 647 5078167
706 650 5080653
706.5 654 5083203
707 658 5085769
707.5 662 5088353
708 666 5090951
708.5 670 5093565
709 674 5096195
709.5 678 5098843
710 682 5101461
710.5 686 5104083
711 689 5106725
711.5 693 5109431
712 697 5112153
712.5 701 5114891
713 705 5117647
713.5 709 5120417
714 713 5123203
714.5 717 5125981
715 721 5128741
715.5 724 5131519
716 728 5134317
716.5 732 5137179
717 736 5140057
717.5 740 5142951
718 744 5145863
718.5 748 5148789
719 752 5151725
719.5 756 5154625
720 760 5157543
720.5 763 5160475
721 767 5163429
721.5 771 5166447
722 775 5169483
722.5 779 5172533
723 783 5175599
723.5 787 5178681
724 791 5181733
724.5 795 5184791
725 798 5187863
725.5 802 5190953
726 806 5194063
726.5 810 5197237
727 814 5200429
727.5 818 5203635
728 822 5206857
728.5 826 5210067
729 830 5213265
729.5 834 5216477
730 837 5219707
730.5 841 5222951
731 845 5226219
731.5 849 5229549
732 853 5232895
732.5 857 5236259
733 861 5239627
733.5 865 5242963
734 869 5246317
734.5 872 5249685
735 876 5253071
735.5 880 5256471
736 884 5259895
736.5 888 5263381
737 892 5266883
737.5 896 5270401
738 900 5273887
738.5 904 5277381
739 908 5280889
739.5 911 5284413
740 915 5287955
740.5 919 5291511
741 923 5295091
741.5 927 5298735
742 931 5302393
742.5 935 5306035
743 939 5309669
743.5 943 5313317
744 946 5316983
744.5 950 5320663
745 954 5324361
745.5 958 5328073
746 962 5331809
746.5 966 5335609
747 970 5339409
747.5 974 5343183
748 978 5346971
748.5 982 5350777
749 985 5354597
749.5 989 5358435
750 993 5362287
750.5 997 5366157
751 1001 5370049
751.5 1005 5374003
752 1009 5377921
752.5 1013 5381851
753 1017 5385795
753.5 1020 5389757
754 1024 5393733
754.5 1028 5397727
755 1032 5401735
755.5 1036 5405759
756 1040 5409809
756.5 1044 5413885
757 1048 5417955
757.5 1052 5422039
758 1056 5426139
758.5 1059 5430257
759 1063 5434389
759.5 1067 5438539
760 1071 5442703
760.5 1075 5446875
761 1079 5451049
761.5 1083 5455221
762 1087 5459393
762.5 1090 5463565
763 1094 5467737
763.5 1098 5471909
764 1102 5476081
764.5 1106 5480253
765 1109 5484427
765.5 1113 5488599
766 1117 5492771
766.5 1121 5496943
767 1124 5501115
767.5 1128 5505287
768 1132 5509459
768.5 1135 5513631
769 1139 5517803
769.5 1143 5521977
770 1146 5526149
770.5 1150 5530321
771 1154 5534493
771.5 1157 5538665
772 1161 5542837
772.5 1164 5547009
773 1168 5551181
773.5 1172 5555353
774 1175 5559527
774.5 1179 5563699
775 1182 5567871
775.5 1186 5572043
776 1189 5576215
776.5 1193 5580387
777 1196 5584559
777.5 1200 5588731
778 1203 5592905
778.5 1207 5597077
779 1210 5601249
779.5 1214 5605421
780 1217 5609593
780.5 1220 5613765
781 1224 5617937
781.5 1227 5622109
782 1231 5626281
782.5 1234 5630455
783 1237 5634627
783.5 1241 5638799
784 1244 5642971
784.5 1247 5647143
785 1251 5651315
785.5 1254 5655487
786 1257 5659659
786.5 1261 5663831
787 1264 5668005
787.5 1267 5672177
788 1271 5676349
788.5 1274 5680521
789 1277 5684693
789.5 1280 5688865
790 1284 5693037
790.5 1287 5697209
791 847 5700497
791.5 648 5704111
792 652 5706655
792.5 656 5709213
793 660 5711781
793.5 664 5714313
794 667 5716863
794.5 671 5719471
795 675 5722105
795.5 679 5724757
796 683 5727423
796.5 687 5730105
797 691 5732803
797.5 695 5735519
798 699 5738203
798.5 703 5740891
799 706 5743597
799.5 710 5746361
800 714 5749151
800.5 718 5751959
801 722 5754781
801.5 726 5757619
802 730 5760473
802.5 734 5763317
803 738 5766145
803.5 741 5768991
804 745 5771851
804.5 749 5774773
805 753 5777719
805.5 757 5780681
806 761 5783661
806.5 765 5786655
807 769 5789655
807.5 773 5792625
808 777 5795609
808.5 780 5798611
809 784 5801627
809.5 788 5804705
810 792 5807807
810.5 796 5810925
811 800 5814059
811.5 804 5817211
812 808 5820327
812.5 812 5823453
813 815 5826593
813.5 819 5829751
814 823 5832923
814.5 827 5836157
815 831 5839417
815.5 835 5842691
816 839 5845981
816.5 843 5849257
817 847 5852521
817.5 851 5855803
818 854 5859099
818.5 858 5862413
819 862 5865741
819.5 866 5869131
820 870 5872547
820.5 874 5875977
821 878 5879411
821.5 882 5882815
822 886 5886237
822.5 889 5889673
823 893 5893127
823.5 897 5896595
824 901 5900081
824.5 905 5903627
825 909 5907197
825.5 913 5910783
826 917 5914335
826.5 921 5917895
827 925 5921473
827.5 928 5925065
828 932 5928673
828.5 936 5932299
829 940 5935939
829.5 944 5939643
830 948 5943369
830.5 952 5947079
831 956 5950779
831.5 960 5954495
832 963 5958229
832.5 967 5961977
833 971 5965743
833.5 975 5969523
834 979 5973321
834.5 983 5977181
835 987 5981047
835.5 991 5984887
836 995 5988745
836.5 999 5992617
837 1002 5996507
837.5 1006 6000411
838 1010 6004333
838.5 1014 6008269
839 1018 6012223
839.5 1022 6016239
840 1026 6020221
840.5 1030 6024219
841 1034 6028231
841.5 1037 6032261
842 1041 6036305
842.5 1045 6040367
843 1049 6044443
843.5 1053 6048537
844 1057 6052645
844.5 1061 6056781
845 1065 6060917
845.5 1069 6065071
846 1073 6069239
846.5 1076 6073411
847 1080 6077583
847.5 1084 6081755
848 1088 6085927
848.5 1092 6090099
849 1096 6094271
849.5 1099 6098443
850 1103 6102617
850.5 1107 6106789
851 1111 6110961
851.5 1114 6115133
852 1118 6119305
852.5 1122 6123477
853 1126 6127649
853.5 1129 6131821
854 1133 6135995
854.5 1137 6140167
855 1140 6144339
855.5 1144 6148511
856 1148 6152683
856.5 1151 6156855
857 1155 6161027
857.5 1159 6165199
858 1162 6169371
858.5 1166 6173545
859 1169 6177717
859.5 1173 6181889
860 1176 6186061
860.5 1180 6190233
861 1183 6194405
861.5 1187 6198577
862 1191 6202749
862.5 1194 6206921
863 1197 6211095
863.5 1201 6215267
864 1204 6219439
864.5 1208 6223611
865 1211 6227783
865.5 1215 6231955
866 1218 6236127
866.5 1222 6240299
867 1225 6244473
867.5 1228 6248645
868 1232 6252817
868.5 1235 6256989
869 1239 6261161
869.5 1242 6265333
870 1245 6269505
870.5 1249 6273677
871 1252 6277849
871.5 1255 6282023
872 1259 6286195
872.5 1262 6290367
873 1265 6294539
873.5 1269 6298711
874 1272 6302883
874.5 1275 6307055
875 1278 6311227
875.5 1282 6315399
876 1285 6319573
876.5 1288 6323745
877 646 6327491
877.5 649 6329997
878 653 6332543
878.5 657 6335105
879 661 6337683
879.5 665 6340277
880 669 6342889
880.5 673 6345515
881 677 6348149
881.5 681 6350749
882 684 6353367
882.5 688 6356027
883 692 6358731
883.5 696 6361449
884 700 6364183
884.5 704 6366933
885 708 6369701
885.5 712 6372483
886 716 6375233
886.5 720 6377989
887 723 6380763
887.5 727 6383581
888 731 6386439
888.5 735 6389315
889 739 6392205
889.5 743 6395111
890 747 6398033
890.5 751 6400941
891 755 6403839
891.5 758 6406751
892 762 6409681
892.5 766 6412655
893 770 6415669
893.5 774 6418701
894 778 6421747
894.5 782 6424809
895 786 6427875
895.5 790 6430913
896 794 6433965
896.5 797 6437035
897 801 6440119
897.5 805 6443251
898 809 6446421
898.5 813 6449607
899 817 6452809
899.5 821 6456029
