0 -23168
0.5 162176
1 1019392
1.5 5235968
2 26411520
2.5 53494912
3 72562176
3.5 85026560
4 88455424
4.5 92069632
5 95730176
5.5 96656896
6 96656896
6.5 96656896
7 96656896
7.5 96656896
8 96656896
8.5 96656896
9 96656896
9.5 96703232
10 96656896
10.5 96656896
11 96656896
11.5 96656896
12 96656896
12.5 96656896
13 96656896
13.5 96703232
14 96656896
14.5 96656896
15 96656896
15.5 96656896
16 96656896
16.5 96656896
17 96656896
17.5 96656896
18 96703232
18.5 96656896
19 96656896
19.5 96656896
20 96656896
20.5 96656896
21 96656896
21.5 96656896
22 96656896
22.5 96703232
23 96656896
23.5 96656896
24 96656896
24.5 96656896
25 96656896
25.5 96656896
26 96656896
26.5 96703232
27 96656896
27.5 96656896
28 96656896
28.5 96656896
29 96656896
29.5 96656896
30 96656896
30.5 96656896
31 96703232
31.5 96656896
32 96656896
32.5 96656896
33 96656896
33.5 96656896
34 96656896
34.5 96656896
35 96656896
35.5 96703232
36 96656896
36.5 96656896
37 96656896
37.5 96656896
38 96656896
38.5 96656896
39 96656896
39.5 96656896
40 96703232
40.5 96656896
41 96656896
41.5 96656896
42 96656896
42.5 96656896
43 96656896
43.5 96656896
44 96703232
44.5 96656896
45 96656896
45.5 96656896
46 96656896
46.5 96656896
47 96656896
47.5 96656896
48 96656896
48.5 96703232
49 96656896
49.5 96656896
50 96656896
50.5 96656896
51 96656896
51.5 96656896
52 96656896
52.5 96656896
53 96703232
53.5 96656896
54 96656896
54.5 96656896
55 96656896
55.5 96656896
56 96656896
56.5 96656896
57 96703232
57.5 96656896
58 96656896
58.5 96656896
59 96656896
59.5 96656896
60 96656896
60.5 96656896
61 96656896
61.5 96703232
62 96656896
62.5 96656896
63 96656896
63.5 96656896
64 96656896
64.5 96656896
65 96656896
65.5 96656896
66 96703232
66.5 96656896
67 96656896
67.5 96656896
68 96656896
68.5 96656896
69 96656896
69.5 96656896
70 96703232
70.5 96656896
71 96656896
71.5 96656896
72 96656896
72.5 96656896
73 96656896
73.5 96656896
74 96656896
74.5 96703232
75 96656896
75.5 96656896
76 96656896
76.5 96656896
77 96656896
77.5 96656896
78 96656896
78.5 96656896
79 96703232
79.5 96656896
80 96656896
80.5 96656896
81 96656896
81.5 96656896
82 96656896
82.5 96656896
83 96656896
83.5 96703232
84 96656896
84.5 96656896
85 96656896
85.5 96656896
86 96656896
86.5 96656896
87 96656896
87.5 96703232
88 96656896
88.5 96656896
89 96656896
89.5 96656896
90 96656896
90.5 96656896
91 96656896
91.5 96656896
92 96703232
92.5 96656896
93 96656896
93.5 96656896
94 96656896
94.5 96656896
95 96656896
95.5 96656896
96 96656896
96.5 96703232
97 96656896
97.5 96656896
98 96656896
98.5 96656896
99 96656896
99.5 96656896
100 96656896
100.5 96703232
101 96656896
101.5 96656896
102 96656896
102.5 96656896
103 96656896
103.5 96656896
104 96656896
104.5 96656896
105 96703232
105.5 96656896
106 96656896
106.5 96656896
107 96656896
107.5 96656896
108 96656896
108.5 96656896
109 96656896
109.5 96703232
110 96656896
110.5 96656896
111 96656896
111.5 96656896
112 96656896
112.5 96656896
113 96656896
113.5 96656896
114 96703232
114.5 96656896
115 96656896
115.5 96656896
116 96656896
116.5 96656896
117 96656896
117.5 96656896
118 96703232
118.5 96656896
119 96656896
119.5 96656896
120 96656896
120.5 96656896
121 96656896
121.5 96656896
122 96656896
122.5 96703232
123 96656896
123.5 96656896
124 96656896
124.5 96656896
125 96656896
125.5 96656896
126 96656896
126.5 96656896
127 96703232
127.5 96656896
128 96656896
128.5 96656896
129 96656896
129.5 96656896
130 96656896
130.5 96656896
131 96703232
131.5 96656896
132 96656896
132.5 96656896
133 96656896
133.5 96656896
134 96656896
134.5 96656896
135 96656896
135.5 96703232
136 96656896
136.5 96656896
137 96656896
137.5 96656896
138 96656896
138.5 96656896
139 96656896
139.5 96656896
140 96703232
140.5 96656896
141 96656896
141.5 96656896
142 96656896
142.5 96656896
143 96656896
143.5 96656896
144 96656896
144.5 96703232
145 96656896
145.5 96656896
146 96656896
146.5 96656896
147 96656896
147.5 96656896
148 96656896
148.5 96703232
149 96656896
149.5 96656896
150 96656896
150.5 96656896
151 96656896
151.5 96656896
152 96656896
152.5 96656896
153 96703232
153.5 96656896
154 96656896
154.5 96656896
155 96656896
155.5 96656896
156 96656896
156.5 96656896
157 96656896
157.5 96703232
158 96656896
158.5 96656896
159 96656896
159.5 96656896
160 96656896
160.5 96656896
161 96656896
161.5 96703232
162 96656896
162.5 96656896
163 96656896
163.5 96656896
164 96656896
164.5 96656896
165 96656896
165.5 96656896
166 96703232
166.5 96656896
167 96656896
167.5 96656896
168 96656896
168.5 96656896
169 96656896
169.5 96656896
170 96656896
170.5 96703232
171 96656896
171.5 96656896
172 96656896
172.5 96656896
173 96656896
173.5 96656896
174 96656896
174.5 96656896
175 96703232
175.5 96656896
176 96656896
176.5 96656896
177 96656896
177.5 96656896
178 96656896
178.5 96656896
179 96703232
179.5 96656896
180 96656896
180.5 96656896
181 96656896
181.5 96656896
182 96656896
182.5 96656896
183 96656896
183.5 96703232
184 96656896
184.5 96656896
185 96656896
185.5 96656896
186 96656896
186.5 96656896
187 96656896
187.5 96656896
188 96703232
188.5 96656896
189 96656896
189.5 96656896
190 96656896
190.5 96656896
191 96656896
191.5 96656896
192 96703232
192.5 96656896
193 96656896
193.5 96656896
194 96656896
194.5 96656896
195 96656896
195.5 96656896
196 96656896
196.5 96703232
197 96656896
197.5 96656896
198 96656896
198.5 96656896
199 96656896
199.5 96656896
200 96656896
200.5 96656896
201 96703232
201.5 96656896
202 96656896
202.5 96656896
203 96656896
203.5 96656896
204 96656896
204.5 96656896
205 96703232
205.5 96656896
206 96656896
206.5 96656896
207 96656896
207.5 96656896
208 96656896
208.5 96656896
209 96656896
209.5 96703232
210 96656896
210.5 96656896
211 96656896
211.5 96656896
212 96656896
212.5 96656896
213 96656896
213.5 96656896
214 96703232
214.5 96656896
215 96656896
215.5 96656896
216 96656896
216.5 96656896
217 96656896
217.5 96656896
218 96656896
218.5 96703232
219 96656896
219.5 96656896
220 96656896
220.5 96656896
221 96656896
221.5 96656896
222 96656896
222.5 96703232
223 96656896
223.5 96656896
224 96656896
224.5 96656896
225 96656896
225.5 96656896
226 96656896
226.5 96656896
227 96703232
227.5 96656896
228 96656896
228.5 96656896
229 96656896
229.5 96656896
230 96656896
230.5 96656896
231 96656896
231.5 96703232
232 96656896
232.5 96656896
233 96656896
233.5 96656896
234 96656896
234.5 96656896
235 96656896
235.5 96703232
236 96656896
236.5 96656896
237 96656896
237.5 96656896
238 96656896
238.5 96656896
239 96656896
239.5 96656896
240 96703232
240.5 96656896
241 96656896
241.5 96656896
242 96656896
242.5 96656896
243 96656896
243.5 96656896
244 96656896
244.5 96703232
245 96656896
245.5 96656896
246 96656896
246.5 96656896
247 96656896
247.5 96656896
248 96656896
248.5 96656896
249 96703232
249.5 96656896
250 96656896
250.5 96656896
251 96656896
251.5 96656896
252 96656896
252.5 96656896
253 96703232
253.5 96656896
254 96656896
254.5 96656896
255 96656896
255.5 96656896
256 96656896
256.5 96656896
257 96656896
257.5 96703232
258 96656896
258.5 96656896
259 96656896
259.5 96656896
260 96656896
260.5 96656896
261 96656896
261.5 96656896
262 96703232
262.5 96656896
263 96656896
263.5 96656896
264 96656896
264.5 96656896
265 96656896
265.5 96656896
266 96703232
266.5 96656896
267 96656896
267.5 96656896
268 96656896
268.5 96656896
269 96656896
269.5 96656896
270 96656896
270.5 96703232
271 96656896
271.5 96656896
272 96656896
272.5 96656896
273 96656896
273.5 96656896
274 96656896
274.5 96656896
275 96703232
275.5 96656896
276 96656896
276.5 96656896
277 96656896
277.5 96656896
278 96656896
278.5 96656896
279 96656896
279.5 96703232
280 96656896
280.5 96656896
281 96656896
281.5 96656896
282 96656896
282.5 96656896
283 96656896
283.5 96703232
284 96656896
284.5 96656896
285 96656896
285.5 96656896
286 96656896
286.5 96656896
287 96656896
287.5 96656896
288 96703232
288.5 96656896
289 96656896
289.5 96656896
290 96656896
290.5 96656896
291 96656896
291.5 96656896
292 96656896
292.5 96703232
293 96656896
293.5 96656896
294 96656896
294.5 96656896
295 96656896
295.5 96656896
296 96656896
296.5 96703232
297 96656896
297.5 96656896
298 96656896
298.5 96656896
299 96656896
299.5 96656896
300 96656896
300.5 96656896
301 96703232
301.5 96656896
302 96656896
302.5 96656896
303 96656896
303.5 96656896
304 96656896
304.5 96656896
305 96656896
305.5 96703232
306 96656896
306.5 96656896
307 96656896
307.5 96656896
308 96656896
308.5 96656896
309 96656896
309.5 96703232
310 96656896
310.5 96656896
311 96656896
311.5 96656896
312 96656896
312.5 96656896
313 96656896
313.5 96656896
314 96703232
314.5 96656896
315 96656896
315.5 96656896
316 96656896
316.5 96656896
317 96656896
317.5 96656896
318 96656896
318.5 96703232
319 96656896
319.5 96656896
320 96656896
320.5 96656896
321 96656896
321.5 96656896
322 96656896
322.5 96656896
323 96703232
323.5 96656896
324 96656896
324.5 96656896
325 96656896
325.5 96656896
326 96656896
326.5 96656896
327 96703232
327.5 96656896
328 96656896
328.5 96656896
329 96656896
329.5 96656896
330 96656896
330.5 96656896
331 96656896
331.5 96703232
332 96656896
332.5 96656896
333 96656896
333.5 96656896
334 96656896
334.5 96656896
335 96656896
335.5 96656896
336 96703232
336.5 96656896
337 96656896
337.5 96656896
338 96656896
338.5 96656896
339 96656896
339.5 96656896
340 96703232
340.5 96656896
341 96656896
341.5 96656896
342 96656896
342.5 96656896
343 96656896
343.5 96656896
344 96656896
344.5 96703232
345 96656896
345.5 96656896
346 96656896
346.5 96656896
347 96656896
347.5 96656896
348 96656896
348.5 96656896
349 96703232
349.5 96656896
350 96656896
350.5 96656896
351 96656896
351.5 96656896
352 96656896
352.5 96656896
353 96656896
353.5 96703232
354 96656896
354.5 96656896
355 96656896
355.5 96656896
356 96656896
356.5 96656896
357 96656896
357.5 96703232
358 96656896
358.5 96656896
359 96656896
359.5 96656896
360 96656896
360.5 96656896
361 96656896
361.5 96656896
362 96703232
362.5 96656896
363 96656896
363.5 96656896
364 96656896
364.5 96656896
365 96656896
365.5 96656896
366 96656896
366.5 96703232
367 96656896
367.5 96656896
368 96656896
368.5 96656896
369 96656896
369.5 96656896
370 96656896
370.5 96703232
371 96656896
371.5 96656896
372 96656896
372.5 96656896
373 96656896
373.5 96656896
374 96656896
374.5 96656896
375 96703232
375.5 96656896
376 96656896
376.5 96656896
377 96656896
377.5 96656896
378 96656896
378.5 96656896
379 96656896
379.5 96703232
380 96656896
380.5 96656896
381 96656896
381.5 96656896
382 96656896
382.5 96656896
383 96656896
383.5 96656896
384 96703232
384.5 96656896
385 96656896
385.5 96656896
386 96656896
386.5 96656896
387 96656896
387.5 96656896
388 96703232
388.5 96656896
389 96656896
389.5 96656896
390 96656896
390.5 96656896
391 96656896
391.5 96656896
392 96656896
392.5 96703232
393 96656896
393.5 96656896
394 96656896
394.5 96656896
395 96656896
395.5 96656896
396 96656896
396.5 96656896
397 96703232
397.5 96656896
398 96656896
398.5 96656896
399 96656896
399.5 96656896
400 96656896
400.5 96656896
401 96703232
401.5 96656896
402 96656896
402.5 96656896
403 96656896
403.5 96656896
404 96656896
404.5 96656896
405 96656896
405.5 96703232
406 96656896
406.5 96656896
407 96656896
407.5 96656896
408 96656896
408.5 96656896
409 96656896
409.5 96656896
410 96703232
410.5 96656896
411 96656896
411.5 96656896
412 96656896
412.5 96656896
413 96656896
413.5 96656896
414 96656896
414.5 96703232
415 96656896
415.5 96656896
416 96656896
416.5 96656896
417 96656896
417.5 96656896
418 96656896
418.5 96703232
419 96656896
419.5 96656896
420 96656896
420.5 96656896
421 96656896
421.5 96656896
422 96656896
422.5 96656896
423 96703232
423.5 96656896
424 96656896
424.5 96656896
425 96656896
425.5 96656896
426 96656896
426.5 96656896
427 96656896
427.5 96703232
428 96656896
428.5 96656896
429 96656896
429.5 96656896
430 96656896
430.5 96656896
431 96656896
431.5 96703232
432 96656896
432.5 96656896
433 96656896
433.5 96656896
434 96656896
434.5 96656896
435 96656896
435.5 96656896
436 96703232
436.5 96656896
437 96656896
437.5 96656896
438 96656896
438.5 96656896
439 96656896
439.5 96656896
440 96656896
440.5 96703232
441 96656896
441.5 96656896
442 96656896
442.5 96656896
443 96656896
443.5 96656896
444 96656896
444.5 96703232
445 96656896
445.5 96656896
446 96656896
446.5 96656896
447 96656896
447.5 96656896
448 96656896
448.5 96656896
449 96703232
449.5 96656896
450 96656896
450.5 96656896
451 96656896
451.5 96656896
452 96656896
452.5 96656896
453 96656896
453.5 96703232
454 96656896
454.5 96656896
455 96656896
455.5 96656896
456 96656896
456.5 96656896
457 96656896
457.5 96656896
458 96703232
458.5 96656896
459 96656896
459.5 96656896
460 96656896
460.5 96656896
461 96656896
461.5 96656896
462 96703232
462.5 96656896
463 96656896
463.5 96656896
464 96656896
464.5 96656896
465 96656896
465.5 96656896
466 96656896
466.5 96703232
467 96656896
467.5 96656896
468 96656896
468.5 96656896
469 96656896
469.5 96656896
470 96656896
470.5 96656896
471 96703232
471.5 96656896
472 96656896
472.5 96656896
473 96656896
473.5 96656896
474 96656896
474.5 96656896
475 96703232
475.5 96656896
476 96656896
476.5 96656896
477 96656896
477.5 96656896
478 96656896
478.5 96656896
479 96656896
479.5 96703232
480 96656896
480.5 96656896
481 96656896
481.5 96656896
482 96656896
482.5 96656896
483 96656896
483.5 96656896
484 96703232
484.5 96656896
485 96656896
485.5 96656896
486 96656896
486.5 96656896
487 96656896
487.5 96656896
488 96656896
488.5 96703232
489 96656896
489.5 96656896
490 96656896
490.5 96656896
491 96656896
491.5 96656896
492 96656896
492.5 96703232
493 96656896
493.5 96656896
494 96656896
494.5 96656896
495 96656896
495.5 96656896
496 96656896
496.5 96656896
497 96703232
497.5 96656896
498 96656896
498.5 96656896
499 96656896
499.5 96656896
500 96656896
500.5 96656896
501 96656896
501.5 96703232
502 96656896
502.5 96656896
503 96656896
503.5 96656896
504 96656896
504.5 96656896
505 96656896
505.5 96703232
506 96656896
506.5 96656896
507 96656896
507.5 96656896
508 96656896
508.5 96656896
509 96656896
509.5 96656896
510 96703232
510.5 96656896
511 96656896
511.5 96656896
512 96656896
512.5 96656896
513 96656896
513.5 96656896
514 96656896
514.5 96703232
515 96656896
515.5 96656896
516 96656896
516.5 96656896
517 96656896
517.5 96656896
518 96656896
518.5 96656896
519 96703232
519.5 96656896
520 96656896
520.5 96656896
521 96656896
521.5 96656896
522 96656896
522.5 96656896
523 96703232
523.5 96656896
524 96656896
524.5 96656896
525 96656896
525.5 96656896
526 96656896
526.5 96656896
527 96656896
527.5 96703232
528 96656896
528.5 96656896
529 96656896
529.5 96656896
530 96656896
530.5 96656896
531 96656896
531.5 96656896
532 96703232
532.5 96656896
533 96656896
533.5 96656896
534 96656896
534.5 96656896
535 96656896
535.5 96656896
536 96703232
536.5 96656896
537 96656896
537.5 96656896
538 96656896
538.5 96656896
539 96656896
539.5 96656896
540 96656896
540.5 96703232
541 96656896
541.5 96656896
542 96656896
542.5 96656896
543 96656896
543.5 96656896
544 96656896
544.5 96656896
545 96703232
545.5 96656896
546 96656896
546.5 96656896
547 96656896
547.5 96656896
548 96656896
548.5 96656896
549 96656896
549.5 96703232
550 96656896
550.5 96656896
551 96656896
551.5 96656896
552 96656896
552.5 96656896
553 96656896
553.5 96703232
554 96656896
554.5 96656896
555 96656896
555.5 96656896
556 96656896
556.5 96656896
557 96656896
557.5 96656896
558 96703232
558.5 96656896
559 96656896
559.5 96656896
560 96656896
560.5 96656896
561 96656896
561.5 96656896
562 96656896
562.5 96703232
563 96656896
563.5 96656896
564 96656896
564.5 96656896
565 96656896
565.5 96656896
566 96656896
566.5 96703232
567 96656896
567.5 96656896
568 96656896
568.5 96656896
569 96656896
569.5 96656896
570 96656896
570.5 96656896
571 96703232
571.5 96656896
572 96656896
572.5 96656896
573 96656896
573.5 96656896
574 96656896
574.5 96656896
575 96656896
575.5 96703232
576 96656896
576.5 96656896
577 96656896
577.5 96656896
578 96656896
578.5 96656896
579 96656896
579.5 96703232
580 96656896
580.5 96656896
581 96656896
581.5 96656896
582 96656896
582.5 96656896
583 96656896
583.5 96656896
584 96703232
584.5 96656896
585 96656896
585.5 96656896
586 96656896
586.5 96656896
587 96656896
587.5 96656896
588 96656896
588.5 96703232
589 96656896
589.5 96656896
590 96656896
590.5 96656896
591 96656896
591.5 96656896
592 96656896
592.5 96656896
593 96703232
593.5 96656896
594 96656896
594.5 96656896
595 96656896
595.5 96656896
596 96656896
596.5 96656896
597 96703232
597.5 96656896
598 96656896
598.5 96656896
599 96656896
599.5 96656896
600 96656896
600.5 96656896
601 96656896
601.5 96703232
602 96656896
602.5 96656896
603 96656896
603.5 96656896
604 96656896
604.5 96656896
605 96656896
605.5 96656896
606 96703232
606.5 96656896
607 96656896
607.5 96656896
608 96656896
608.5 96656896
609 96656896
609.5 96656896
610 96703232
610.5 96656896
611 96656896
611.5 96656896
612 96656896
612.5 96656896
613 96656896
613.5 96656896
614 96656896
614.5 96703232
615 96656896
615.5 96656896
616 96656896
616.5 96656896
617 96656896
617.5 96656896
618 96656896
618.5 96656896
619 96703232
619.5 96656896
620 96656896
620.5 96656896
621 96656896
621.5 96656896
622 96656896
622.5 96656896
623 96656896
623.5 96703232
624 96656896
624.5 96656896
625 96656896
625.5 96656896
626 96656896
626.5 96656896
627 96656896
627.5 96703232
628 96656896
628.5 96656896
629 96656896
629.5 96656896
630 96656896
630.5 96656896
631 96656896
631.5 96656896
632 96703232
632.5 96656896
633 96656896
633.5 96656896
634 96656896
634.5 96656896
635 96656896
635.5 96656896
636 96656896
636.5 96703232
637 96656896
637.5 96656896
638 96656896
638.5 96656896
639 96656896
639.5 96656896
640 96656896
640.5 96703232
641 96656896
641.5 96656896
642 96656896
642.5 96656896
643 96656896
643.5 96656896
644 96656896
644.5 96656896
645 96703232
645.5 96656896
646 96656896
646.5 96656896
647 96656896
647.5 96656896
648 96656896
648.5 96656896
649 96656896
649.5 96703232
650 96656896
650.5 96656896
651 96656896
651.5 96656896
652 96656896
652.5 96656896
653 96656896
653.5 96656896
654 96703232
654.5 96656896
655 96656896
655.5 96656896
656 96656896
656.5 96656896
657 96656896
657.5 96656896
658 96703232
658.5 96656896
659 96656896
659.5 96656896
660 96656896
660.5 96656896
661 96656896
661.5 96656896
662 96656896
662.5 96703232
663 96656896
663.5 96656896
664 96656896
664.5 96656896
665 96656896
665.5 96656896
666 96656896
666.5 96656896
667 96703232
667.5 96656896
668 96656896
668.5 96656896
669 96656896
669.5 96656896
670 96656896
670.5 96656896
671 96703232
671.5 96656896
672 96656896
672.5 96656896
673 96656896
673.5 96656896
674 96656896
674.5 96656896
675 96656896
675.5 96703232
676 96656896
676.5 96656896
677 96656896
677.5 96656896
678 96656896
678.5 96656896
679 96656896
679.5 96656896
680 96703232
680.5 96656896
681 96656896
681.5 96656896
682 96656896
682.5 96656896
683 96656896
683.5 96656896
684 96703232
684.5 96656896
685 96656896
685.5 96656896
686 96656896
686.5 96656896
687 96656896
687.5 96656896
688 96656896
688.5 96703232
689 96656896
689.5 96656896
690 96656896
690.5 96656896
691 96656896
691.5 96656896
692 96656896
692.5 96656896
693 96703232
693.5 96656896
694 96656896
694.5 96656896
695 96656896
695.5 96656896
696 96656896
696.5 96656896
697 96656896
697.5 96703232
698 96656896
698.5 96656896
699 96656896
699.5 96656896
700 96656896
700.5 96656896
701 96656896
701.5 96703232
702 96656896
702.5 96656896
703 96656896
703.5 96656896
704 96656896
704.5 96656896
705 96656896
705.5 96656896
706 96703232
706.5 96656896
707 96656896
707.5 96656896
708 96656896
708.5 96656896
709 96656896
709.5 96656896
710 96656896
710.5 96703232
711 96656896
711.5 96656896
712 96656896
712.5 96656896
713 96656896
713.5 96656896
714 96656896
714.5 96703232
715 96656896
715.5 96656896
716 96656896
716.5 96656896
717 96656896
717.5 96656896
718 96656896
718.5 96656896
719 96703232
719.5 96656896
720 96656896
720.5 96656896
721 96656896
721.5 96656896
722 96656896
722.5 96656896
723 96656896
723.5 96703232
724 96656896
724.5 96656896
725 96656896
725.5 96656896
726 96656896
726.5 96656896
727 96656896
727.5 96656896
728 96703232
728.5 96656896
729 96656896
729.5 96656896
730 96656896
730.5 96656896
731 96656896
731.5 96656896
732 96703232
732.5 96656896
733 96656896
733.5 96656896
734 96656896
734.5 96656896
735 96656896
735.5 96656896
736 96656896
736.5 96703232
737 96656896
737.5 96656896
738 96656896
738.5 96656896
739 96656896
739.5 96656896
740 96656896
740.5 96656896
741 96703232
741.5 96656896
742 96656896
742.5 96656896
743 96656896
743.5 96656896
744 96656896
744.5 96656896
745 96703232
745.5 96656896
746 96656896
746.5 96656896
747 96656896
747.5 96656896
748 96656896
748.5 96656896
749 96656896
749.5 96703232
750 96656896
750.5 96656896
751 96656896
751.5 96656896
752 96656896
752.5 96656896
753 96656896
753.5 96656896
754 96703232
754.5 96656896
755 96656896
755.5 96656896
756 96656896
756.5 96656896
757 96656896
757.5 96656896
758 96656896
758.5 96703232
759 96656896
759.5 96656896
760 96656896
760.5 96656896
761 96656896
761.5 96656896
762 96656896
762.5 96703232
763 96656896
763.5 96656896
764 96656896
764.5 96656896
765 96656896
765.5 96656896
766 96656896
766.5 96656896
767 96703232
767.5 96656896
768 96656896
768.5 96656896
769 96656896
769.5 96656896
770 96656896
770.5 96656896
771 96656896
771.5 96703232
772 96656896
772.5 96656896
773 96656896
773.5 96656896
774 96656896
774.5 96656896
775 96656896
775.5 96703232
776 96656896
776.5 96656896
777 96656896
777.5 96656896
778 96656896
778.5 96656896
779 96656896
779.5 96656896
780 96703232
780.5 96656896
781 96656896
781.5 96656896
782 96656896
782.5 96656896
783 96656896
783.5 96656896
784 96656896
784.5 96703232
785 96656896
785.5 96656896
786 96656896
786.5 96656896
787 96656896
787.5 96656896
788 96656896
788.5 96656896
789 96703232
789.5 96656896
790 96656896
790.5 96656896
791 96656896
791.5 96656896
792 96656896
792.5 96656896
793 96703232
793.5 96656896
794 96656896
794.5 96656896
795 96656896
795.5 96656896
796 96656896
796.5 96656896
797 96656896
797.5 96703232
798 96656896
798.5 96656896
799 96656896
799.5 96656896
800 96656896
800.5 96656896
801 96656896
801.5 96656896
802 96703232
802.5 96656896
803 96656896
803.5 96656896
804 96656896
804.5 96656896
805 96656896
805.5 96656896
806 96703232
806.5 96656896
807 96656896
807.5 96656896
808 96656896
808.5 96656896
809 96656896
809.5 96656896
810 96656896
810.5 96703232
811 96656896
811.5 96656896
812 96656896
812.5 96656896
813 96656896
813.5 96656896
814 96656896
814.5 96656896
815 96703232
815.5 96656896
816 96656896
816.5 96656896
817 96656896
817.5 96656896
818 96656896
818.5 96656896
819 96703232
819.5 96656896
820 96656896
820.5 96656896
821 96656896
821.5 96656896
822 96656896
822.5 96656896
823 96656896
823.5 96703232
824 96656896
824.5 96656896
825 96656896
825.5 96656896
826 96656896
826.5 96656896
827 96656896
827.5 96656896
828 96703232
828.5 96656896
829 96656896
829.5 96656896
830 96656896
830.5 96656896
831 96656896
831.5 96656896
832 96656896
832.5 96703232
833 96656896
833.5 96656896
834 96656896
834.5 96656896
835 96656896
835.5 96656896
836 96656896
836.5 96703232
837 96656896
837.5 96656896
838 96656896
838.5 96656896
839 96656896
839.5 96656896
840 96656896
840.5 96656896
841 96703232
841.5 96656896
842 96656896
842.5 96656896
843 96656896
843.5 96656896
844 96656896
844.5 96656896
845 96656896
845.5 96703232
846 96656896
846.5 96656896
847 96656896
847.5 96656896
848 96656896
848.5 96656896
849 96656896
849.5 96703232
850 96656896
850.5 96656896
851 96656896
851.5 96656896
852 96656896
852.5 96656896
853 96656896
853.5 96656896
854 96703232
854.5 96656896
855 96656896
855.5 96656896
856 96656896
856.5 96656896
857 96656896
857.5 96656896
858 96656896
858.5 96703232
859 96656896
859.5 96656896
860 96656896
860.5 96656896
861 96656896
861.5 96656896
862 96656896
862.5 96656896
863 96703232
863.5 96656896
864 96656896
864.5 96656896
865 96656896
865.5 96656896
866 96656896
866.5 96656896
867 96703232
867.5 96656896
868 96656896
868.5 96656896
869 96656896
869.5 96656896
870 96656896
870.5 96656896
871 96656896
871.5 96703232
872 96656896
872.5 96656896
873 96656896
873.5 96656896
874 96656896
874.5 96656896
875 96656896
875.5 96656896
876 96703232
876.5 96656896
877 96656896
877.5 96656896
878 96656896
878.5 96656896
879 96656896
879.5 96656896
880 96703232
880.5 96656896
881 96656896
881.5 96656896
882 96656896
882.5 96656896
883 96656896
883.5 96656896
884 96656896
884.5 96703232
885 96656896
885.5 96656896
886 96656896
886.5 96656896
887 96656896
887.5 96656896
888 96656896
888.5 96656896
889 96703232
889.5 96656896
890 96656896
890.5 96656896
891 96656896
891.5 96656896
892 96656896
892.5 96656896
893 96656896
893.5 96703232
894 96656896
894.5 96656896
895 96656896
895.5 96656896
896 96656896
896.5 96656896
897 96656896
897.5 96703232
898 96656896
898.5 96656896
899 96656896
899.5 96656896
