0 2 -1
0.5 6 6
1 28 50
1.5 141 276
2 711 1416
2.5 590 3725
3 935 6857
3.5 971 10527
4 1008 14345
4.5 1047 18319
5 1088 22451
5.5 1129 26623
6 1170 30795
6.5 1116 34967
7 1157 39139
7.5 1098 43311
8 1139 47483
8.5 1180 51655
9 1120 55827
9.5 1161 60001
10 1102 64173
10.5 1143 68345
11 1093 72517
11.5 1124 76689
12 1165 80861
12.5 1106 85033
13 1147 89205
13.5 1093 93379
14 1128 97551
14.5 1169 101723
15 1110 105895
15.5 1151 110067
16 1093 114239
16.5 1132 118411
17 1173 122583
17.5 1114 126755
18 1154 130929
18.5 1095 135101
19 1136 139273
19.5 1177 143445
20 1117 147617
20.5 1158 151789
21 1099 155961
21.5 1140 160133
22 1181 164305
22.5 1121 168479
23 1162 172651
23.5 1103 176823
24 1144 180995
24.5 1093 185167
25 1125 189339
25.5 1166 193511
26 1107 197683
26.5 1148 201857
27 1093 206029
27.5 1129 210201
28 1170 214373
28.5 1111 218545
29 1152 222717
29.5 1093 226889
30 1133 231061
30.5 1174 235233
31 1115 239407
31.5 1156 243579
32 1096 247751
32.5 1137 251923
33 1178 256095
33.5 1119 260267
34 1160 264439
34.5 1100 268611
35 1141 272783
35.5 1182 276957
36 1123 281129
36.5 1163 285301
37 1104 289473
37.5 1145 293645
38 1093 297817
38.5 1127 301989
39 1167 306161
39.5 1108 310333
40 1149 314507
40.5 1093 318679
41 1130 322851
41.5 1171 327023
42 1112 331195
42.5 1153 335367
43 1093 339539
43.5 1134 343711
44 1175 347885
44.5 1116 352057
45 1157 356229
45.5 1097 360401
46 1138 364573
46.5 1179 368745
47 1120 372917
47.5 1161 377089
48 1101 381261
48.5 1142 385435
49 1093 389607
49.5 1124 393779
50 1165 397951
50.5 1105 402123
51 1146 406295
51.5 1093 410467
52 1128 414639
52.5 1169 418811
53 1109 422985
53.5 1150 427157
54 1093 431329
54.5 1132 435501
55 1173 439673
55.5 1113 443845
56 1154 448017
56.5 1095 452189
57 1136 456363
57.5 1176 460535
58 1117 464707
58.5 1158 468879
59 1099 473051
59.5 1139 477223
60 1180 481395
60.5 1121 485567
61 1162 489739
61.5 1103 493913
62 1143 498085
62.5 1093 502257
63 1125 506429
63.5 1166 510601
64 1106 514773
64.5 1147 518945
65 1093 523117
65.5 1129 527289
66 1170 531463
66.5 1110 535635
67 1151 539807
67.5 1093 543979
68 1133 548151
68.5 1174 552323
69 1114 556495
69.5 1155 560667
70 1096 564841
70.5 1137 569013
71 1178 573185
71.5 1118 577357
72 1159 581529
72.5 1100 585701
73 1141 589873
73.5 1182 594045
74 1122 598217
74.5 1163 602391
75 1104 606563
75.5 1145 610735
76 1093 614907
76.5 1126 619079
77 1167 623251
77.5 1108 627423
78 1149 631595
78.5 1093 635767
79 1130 639941
79.5 1171 644113
80 1112 648285
80.5 1152 652457
81 1093 656629
81.5 1134 660801
82 1175 664973
82.5 1115 669145
83 1156 673317
83.5 1097 677491
84 1138 681663
84.5 1179 685835
85 1119 690007
85.5 1160 694179
86 1101 698351
86.5 1142 702523
87 1093 706695
87.5 1123 710869
88 1164 715041
88.5 1105 719213
89 1146 723385
89.5 1093 727557
90 1127 731729
90.5 1168 735901
91 1109 740073
91.5 1150 744245
92 1093 748419
92.5 1131 752591
93 1172 756763
93.5 1113 760935
94 1154 765107
94.5 1094 769279
95 1135 773451
95.5 1176 777623
96 1117 781795
96.5 1158 785969
97 1098 790141
97.5 1139 794313
98 1180 798485
98.5 1121 802657
99 1162 806829
99.5 1102 811001
100 1143 815173
100.5 1093 819347
101 1125 823519
101.5 1165 827691
102 1106 831863
102.5 1147 836035
103 1093 840207
103.5 1128 844379
104 1169 848551
104.5 1110 852723
105 1151 856897
105.5 1093 861069
106 1132 865241
106.5 1173 869413
107 1114 873585
107.5 1155 877757
108 1095 881929
108.5 1136 886101
109 1177 890273
109.5 1118 894447
110 1159 898619
110.5 1099 902791
111 1140 906963
111.5 1181 911135
112 1122 915307
112.5 1163 919479
113 1103 923651
113.5 1144 927823
114 1093 931997
114.5 1126 936169
115 1167 940341
115.5 1107 944513
116 1148 948685
116.5 1093 952857
117 1130 957029
117.5 1171 961201
118 1111 965375
118.5 1152 969547
119 1093 973719
119.5 1134 977891
120 1174 982063
120.5 1115 986235
121 1156 990407
121.5 1097 994579
122 1138 998751
122.5 1178 1002925
123 1119 1007097
123.5 1160 1011269
124 1101 1015441
124.5 1141 1019613
125 1093 1023785
125.5 1123 1027957
126 1164 1032129
126.5 1104 1036301
127 1145 1040475
127.5 1093 1044647
128 1127 1048819
128.5 1168 1052991
129 1108 1057163
129.5 1149 1061335
130 1093 1065507
130.5 1131 1069679
131 1172 1073853
131.5 1112 1078025
132 1153 1082197
132.5 1094 1086369
133 1135 1090541
133.5 1176 1094713
134 1116 1098885
134.5 1157 1103057
135 1098 1107229
135.5 1139 1111403
136 1180 1115575
136.5 1120 1119747
137 1161 1123919
137.5 1102 1128091
138 1143 1132263
138.5 1093 1136435
139 1124 1140607
139.5 1165 1144779
140 1106 1148953
140.5 1147 1153125
141 1093 1157297
141.5 1128 1161469
142 1169 1165641
142.5 1110 1169813
143 1150 1173985
143.5 1093 1178157
144 1132 1182329
144.5 1173 1186503
145 1114 1190675
145.5 1154 1194847
146 1095 1199019
146.5 1136 1203191
147 1177 1207363
147.5 1117 1211535
148 1158 1215707
148.5 1099 1219881
149 1140 1224053
149.5 1181 1228225
150 1121 1232397
150.5 1162 1236569
151 1103 1240741
151.5 1144 1244913
152 1093 1249085
152.5 1125 1253257
153 1166 1257431
153.5 1107 1261603
154 1148 1265775
154.5 1093 1269947
155 1129 1274119
155.5 1170 1278291
156 1111 1282463
156.5 1152 1286635
157 1093 1290807
157.5 1133 1294981
158 1174 1299153
158.5 1115 1303325
159 1156 1307497
159.5 1096 1311669
160 1137 1315841
160.5 1178 1320013
161 1119 1324185
161.5 1160 1328359
162 1100 1332531
162.5 1141 1336703
163 1182 1340875
163.5 1123 1345047
164 1163 1349219
164.5 1104 1353391
165 1145 1357563
165.5 1093 1361735
166 1127 1365909
166.5 1167 1370081
167 1108 1374253
167.5 1149 1378425
168 1093 1382597
168.5 1130 1386769
169 1171 1390941
169.5 1112 1395113
170 1153 1399285
170.5 1093 1403459
171 1134 1407631
171.5 1175 1411803
172 1116 1415975
172.5 1157 1420147
173 1097 1424319
173.5 1138 1428491
174 1179 1432663
174.5 1120 1436835
175 1161 1441009
175.5 1101 1445181
176 1142 1449353
176.5 1093 1453525
177 1124 1457697
177.5 1165 1461869
178 1105 1466041
178.5 1146 1470213
179 1093 1474387
179.5 1128 1478559
180 1169 1482731
180.5 1109 1486903
181 1150 1491075
181.5 1093 1495247
182 1132 1499419
182.5 1173 1503591
183 1113 1507763
183.5 1154 1511937
184 1095 1516109
184.5 1136 1520281
185 1176 1524453
185.5 1117 1528625
186 1158 1532797
186.5 1099 1536969
187 1139 1541141
187.5 1180 1545313
188 1121 1549487
188.5 1162 1553659
189 1103 1557831
189.5 1143 1562003
190 1093 1566175
190.5 1125 1570347
191 1166 1574519
191.5 1106 1578691
192 1147 1582865
192.5 1093 1587037
193 1129 1591209
193.5 1170 1595381
194 1110 1599553
194.5 1151 1603725
195 1093 1607897
195.5 1133 1612069
196 1174 1616241
196.5 1114 1620415
197 1155 1624587
197.5 1096 1628759
198 1137 1632931
198.5 1178 1637103
199 1118 1641275
199.5 1159 1645447
200 1100 1649619
200.5 1141 1653791
201 1182 1657965
201.5 1122 1662137
202 1163 1666309
202.5 1104 1670481
203 1145 1674653
203.5 1093 1678825
204 1126 1682997
204.5 1167 1687169
205 1108 1691343
205.5 1149 1695515
206 1093 1699687
206.5 1130 1703859
207 1171 1708031
207.5 1112 1712203
208 1152 1716375
208.5 1093 1720547
209 1134 1724719
209.5 1175 1728893
210 1115 1733065
210.5 1156 1737237
211 1097 1741409
211.5 1138 1745581
212 1179 1749753
212.5 1119 1753925
213 1160 1758097
213.5 1101 1762269
214 1142 1766443
214.5 1093 1770615
215 1123 1774787
215.5 1164 1778959
216 1105 1783131
216.5 1146 1787303
217 1093 1791475
217.5 1127 1795647
218 1168 1799819
218.5 1109 1803993
219 1150 1808165
219.5 1093 1812337
220 1131 1816509
220.5 1172 1820681
221 1113 1824853
221.5 1154 1829025
222 1094 1833197
222.5 1135 1837371
223 1176 1841543
223.5 1117 1845715
224 1158 1849887
224.5 1098 1854059
225 1139 1858231
225.5 1180 1862403
226 1121 1866575
226.5 1161 1870747
227 1102 1874921
227.5 1143 1879093
228 1093 1883265
228.5 1125 1887437
229 1165 1891609
229.5 1106 1895781
230 1147 1899953
230.5 1093 1904125
231 1128 1908297
231.5 1169 1912471
232 1110 1916643
232.5 1151 1920815
233 1093 1924987
233.5 1132 1929159
234 1173 1933331
234.5 1114 1937503
235 1155 1941675
235.5 1095 1945849
236 1136 1950021
236.5 1177 1954193
237 1118 1958365
237.5 1159 1962537
238 1099 1966709
238.5 1140 1970881
239 1181 1975053
239.5 1122 1979225
240 1163 1983399
240.5 1103 1987571
241 1144 1991743
241.5 1093 1995915
242 1126 2000087
242.5 1167 2004259
243 1107 2008431
243.5 1148 2012603
244 1093 2016775
244.5 1130 2020949
245 1171 2025121
245.5 1111 2029293
246 1152 2033465
246.5 1093 2037637
247 1134 2041809
247.5 1174 2045981
248 1115 2050153
248.5 1156 2054325
249 1097 2058499
249.5 1138 2062671
250 1178 2066843
250.5 1119 2071015
251 1160 2075187
251.5 1101 2079359
252 1141 2083531
252.5 1093 2087703
253 1123 2091877
253.5 1164 2096049
254 1104 2100221
254.5 1145 2104393
255 1093 2108565
255.5 1127 2112737
256 1168 2116909
256.5 1108 2121081
257 1149 2125253
257.5 1093 2129427
258 1131 2133599
258.5 1172 2137771
259 1112 2141943
259.5 1153 2146115
260 1094 2150287
260.5 1135 2154459
261 1176 2158631
261.5 1116 2162803
262 1157 2166977
262.5 1098 2171149
263 1139 2175321
263.5 1180 2179493
264 1120 2183665
264.5 1161 2187837
265 1102 2192009
265.5 1143 2196181
266 1093 2200355
266.5 1124 2204527
267 1165 2208699
267.5 1106 2212871
268 1147 2217043
268.5 1093 2221215
269 1128 2225387
269.5 1169 2229559
270 1110 2233731
270.5 1150 2237905
271 1093 2242077
271.5 1132 2246249
272 1173 2250421
272.5 1114 2254593
273 1154 2258765
273.5 1095 2262937
274 1136 2267109
274.5 1177 2271281
275 1117 2275455
275.5 1158 2279627
276 1099 2283799
276.5 1140 2287971
277 1181 2292143
277.5 1121 2296315
278 1162 2300487
278.5 1103 2304659
279 1144 2308831
279.5 1093 2313005
280 1125 2317177
280.5 1166 2321349
281 1107 2325521
281.5 1148 2329693
282 1093 2333865
282.5 1129 2338037
283 1170 2342209
283.5 1111 2346383
284 1152 2350555
284.5 1093 2354727
285 1133 2358899
285.5 1174 2363071
286 1115 2367243
286.5 1156 2371415
287 1096 2375587
287.5 1137 2379759
288 1178 2383933
288.5 1119 2388105
289 1160 2392277
289.5 1100 2396449
290 1141 2400621
290.5 1182 2404793
291 1123 2408965
291.5 1163 2413137
292 1104 2417309
292.5 1145 2421483
293 1093 2425655
293.5 1126 2429827
294 1167 2433999
294.5 1108 2438171
295 1149 2442343
295.5 1093 2446515
296 1130 2450687
296.5 1171 2454861
297 1112 2459033
297.5 1153 2463205
298 1093 2467377
298.5 1134 2471549
299 1175 2475721
299.5 1116 2479893
300 1157 2484065
300.5 1097 2488237
301 1138 2492411
301.5 1179 2496583
302 1120 2500755
302.5 1161 2504927
303 1101 2509099
303.5 1142 2513271
304 1093 2517443
304.5 1124 2521615
305 1165 2525787
305.5 1105 2529961
306 1146 2534133
306.5 1093 2538305
307 1128 2542477
307.5 1169 2546649
308 1109 2550821
308.5 1150 2554993
309 1093 2559165
309.5 1132 2563339
310 1173 2567511
310.5 1113 2571683
311 1154 2575855
311.5 1095 2580027
312 1136 2584199
312.5 1176 2588371
313 1117 2592543
313.5 1158 2596715
314 1099 2600889
314.5 1139 2605061
315 1180 2609233
315.5 1121 2613405
316 1162 2617577
316.5 1102 2621749
317 1143 2625921
317.5 1093 2630093
318 1125 2634265
318.5 1166 2638439
319 1106 2642611
319.5 1147 2646783
320 1093 2650955
320.5 1129 2655127
321 1170 2659299
321.5 1110 2663471
322 1151 2667643
322.5 1093 2671815
323 1133 2675989
323.5 1174 2680161
324 1114 2684333
324.5 1155 2688505
325 1096 2692677
325.5 1137 2696849
326 1178 2701021
326.5 1118 2705193
327 1159 2709367
327.5 1100 2713539
328 1141 2717711
328.5 1182 2721883
329 1122 2726055
329.5 1163 2730227
330 1104 2734399
330.5 1145 2738571
331 1093 2742743
331.5 1126 2746917
332 1167 2751089
332.5 1108 2755261
333 1149 2759433
333.5 1093 2763605
334 1130 2767777
334.5 1171 2771949
335 1112 2776121
335.5 1152 2780293
336 1093 2784467
336.5 1134 2788639
337 1175 2792811
337.5 1115 2796983
338 1156 2801155
338.5 1097 2805327
339 1138 2809499
339.5 1179 2813671
340 1119 2817845
340.5 1160 2822017
341 1101 2826189
341.5 1142 2830361
342 1093 2834533
342.5 1123 2838705
343 1164 2842877
343.5 1105 2847049
344 1146 2851221
344.5 1093 2855395
345 1127 2859567
345.5 1168 2863739
346 1109 2867911
346.5 1150 2872083
347 1093 2876255
347.5 1131 2880427
348 1172 2884599
348.5 1113 2888771
349 1154 2892945
349.5 1094 2897117
350 1135 2901289
350.5 1176 2905461
351 1117 2909633
351.5 1158 2913805
352 1098 2917977
352.5 1139 2922149
353 1180 2926321
353.5 1121 2930495
354 1161 2934667
354.5 1102 2938839
355 1143 2943011
355.5 1093 2947183
356 1125 2951355
356.5 1165 2955527
357 1106 2959699
357.5 1147 2963873
358 1093 2968045
358.5 1128 2972217
359 1169 2976389
359.5 1110 2980561
360 1151 2984733
360.5 1093 2988905
361 1132 2993077
361.5 1173 2997249
362 1114 3001423
362.5 1155 3005595
363 1095 3009767
363.5 1136 3013939
364 1177 3018111
364.5 1118 3022283
365 1159 3026455
365.5 1099 3030627
366 1140 3034799
366.5 1181 3038973
367 1122 3043145
367.5 1163 3047317
368 1103 3051489
368.5 1144 3055661
369 1093 3059833
369.5 1126 3064005
370 1167 3068177
370.5 1107 3072351
371 1148 3076523
371.5 1093 3080695
372 1130 3084867
372.5 1171 3089039
373 1111 3093211
373.5 1152 3097383
374 1093 3101555
374.5 1134 3105727
375 1174 3109901
375.5 1115 3114073
376 1156 3118245
376.5 1097 3122417
377 1137 3126589
377.5 1178 3130761
378 1119 3134933
378.5 1160 3139105
379 1101 3143277
379.5 1141 3147451
380 1093 3151623
380.5 1123 3155795
381 1164 3159967
381.5 1104 3164139
382 1145 3168311
382.5 1093 3172483
383 1127 3176655
383.5 1168 3180827
384 1108 3185001
384.5 1149 3189173
385 1093 3193345
385.5 1131 3197517
386 1172 3201689
386.5 1112 3205861
387 1153 3210033
387.5 1094 3214205
388 1135 3218379
388.5 1176 3222551
389 1116 3226723
389.5 1157 3230895
390 1098 3235067
390.5 1139 3239239
391 1180 3243411
391.5 1120 3247583
392 1161 3251755
392.5 1102 3255929
393 1143 3260101
393.5 1093 3264273
394 1124 3268445
394.5 1165 3272617
395 1106 3276789
395.5 1147 3280961
396 1093 3285133
396.5 1128 3289305
397 1169 3293479
397.5 1110 3297651
398 1150 3301823
398.5 1093 3305995
399 1132 3310167
399.5 1173 3314339
400 1113 3318511
400.5 1154 3322683
401 1095 3326857
401.5 1136 3331029
402 1177 3335201
402.5 1117 3339373
403 1158 3343545
403.5 1099 3347717
404 1140 3351889
404.5 1181 3356061
405 1121 3360233
405.5 1162 3364407
406 1103 3368579
406.5 1144 3372751
407 1093 3376923
407.5 1125 3381095
408 1166 3385267
408.5 1107 3389439
409 1148 3393611
409.5 1093 3397783
410 1129 3401957
410.5 1170 3406129
411 1111 3410301
411.5 1152 3414473
412 1093 3418645
412.5 1133 3422817
413 1174 3426989
413.5 1115 3431161
414 1156 3435333
414.5 1096 3439507
415 1137 3443679
415.5 1178 3447851
416 1119 3452023
416.5 1160 3456195
417 1100 3460367
417.5 1141 3464539
418 1182 3468711
418.5 1123 3472885
419 1163 3477057
419.5 1104 3481229
420 1145 3485401
420.5 1093 3489573
421 1126 3493745
421.5 1167 3497917
422 1108 3502089
422.5 1149 3506261
423 1093 3510435
423.5 1130 3514607
424 1171 3518779
424.5 1112 3522951
425 1153 3527123
425.5 1093 3531295
426 1134 3535467
426.5 1175 3539639
427 1116 3543811
427.5 1157 3547985
428 1097 3552157
428.5 1138 3556329
429 1179 3560501
429.5 1120 3564673
430 1161 3568845
430.5 1101 3573017
431 1142 3577189
431.5 1093 3581363
432 1124 3585535
432.5 1165 3589707
433 1105 3593879
433.5 1146 3598051
434 1093 3602223
434.5 1128 3606395
435 1169 3610567
435.5 1109 3614739
436 1150 3618913
436.5 1093 3623085
437 1132 3627257
437.5 1172 3631429
438 1113 3635601
438.5 1154 3639773
439 1095 3643945
439.5 1136 3648117
440 1176 3652289
440.5 1117 3656463
441 1158 3660635
441.5 1099 3664807
442 1139 3668979
442.5 1180 3673151
443 1121 3677323
443.5 1162 3681495
444 1102 3685667
444.5 1143 3689841
445 1093 3694013
445.5 1125 3698185
446 1166 3702357
446.5 1106 3706529
447 1147 3710701
447.5 1093 3714873
448 1129 3719045
448.5 1170 3723217
449 1110 3727391
449.5 1151 3731563
450 1093 3735735
450.5 1133 3739907
451 1174 3744079
451.5 1114 3748251
452 1155 3752423
452.5 1096 3756595
453 1137 3760767
453.5 1178 3764941
454 1118 3769113
454.5 1159 3773285
455 1100 3777457
455.5 1141 3781629
456 1182 3785801
456.5 1122 3789973
457 1163 3794145
457.5 1104 3798317
458 1145 3802491
458.5 1093 3806663
459 1126 3810835
459.5 1167 3815007
460 1108 3819179
460.5 1148 3823351
461 1093 3827523
461.5 1130 3831695
462 1171 3835869
462.5 1112 3840041
463 1152 3844213
463.5 1093 3848385
464 1134 3852557
464.5 1175 3856729
465 1115 3860901
465.5 1156 3865073
466 1097 3869245
466.5 1138 3873419
467 1179 3877591
467.5 1119 3881763
468 1160 3885935
468.5 1101 3890107
469 1142 3894279
469.5 1093 3898451
470 1123 3902623
470.5 1164 3906795
471 1105 3910969
471.5 1146 3915141
472 1093 3919313
472.5 1127 3923485
473 1168 3927657
473.5 1109 3931829
474 1150 3936001
474.5 1093 3940173
475 1131 3944347
475.5 1172 3948519
476 1113 3952691
476.5 1154 3956863
477 1094 3961035
477.5 1135 3965207
478 1176 3969379
478.5 1117 3973551
479 1158 3977723
479.5 1098 3981897
480 1139 3986069
480.5 1180 3990241
481 1121 3994413
481.5 1161 3998585
482 1102 4002757
482.5 1143 4006929
483 1093 4011101
483.5 1124 4015273
484 1165 4019447
484.5 1106 4023619
485 1147 4027791
485.5 1093 4031963
486 1128 4036135
486.5 1169 4040307
487 1110 4044479
487.5 1151 4048651
488 1093 4052823
488.5 1132 4056997
489 1173 4061169
489.5 1114 4065341
490 1155 4069513
490.5 1095 4073685
491 1136 4077857
491.5 1177 4082029
492 1118 4086201
492.5 1159 4090375
493 1099 4094547
493.5 1140 4098719
494 1181 4102891
494.5 1122 4107063
495 1163 4111235
495.5 1103 4115407
496 1144 4119579
496.5 1093 4123751
497 1126 4127925
497.5 1167 4132097
498 1107 4136269
498.5 1148 4140441
499 1093 4144613
499.5 1130 4148785
500 1171 4152957
500.5 1111 4157129
501 1152 4161301
501.5 1093 4165475
502 1134 4169647
502.5 1174 4173819
503 1115 4177991
503.5 1156 4182163
504 1097 4186335
504.5 1137 4190507
505 1178 4194679
505.5 1119 4198853
506 1160 4203025
506.5 1101 4207197
507 1141 4211369
507.5 1093 4215541
508 1123 4219713
508.5 1164 4223885
509 1104 4228057
509.5 1145 4232229
510 1093 4236403
510.5 1127 4240575
511 1168 4244747
511.5 1108 4248919
512 1149 4253091
512.5 1093 4257263
513 1131 4261435
513.5 1172 4265607
514 1112 4269779
514.5 1153 4273953
515 1094 4278125
515.5 1135 4282297
516 1176 4286469
516.5 1116 4290641
517 1157 4294813
517.5 1098 4298985
518 1139 4303157
518.5 1180 4307329
519 1120 4311503
519.5 1161 4315675
520 1102 4319847
520.5 1143 4324019
521 1093 4328191
521.5 1124 4332363
522 1165 4336535
522.5 1106 4340707
523 1147 4344881
523.5 1093 4349053
524 1128 4353225
524.5 1169 4357397
525 1110 4361569
525.5 1150 4365741
526 1093 4369913
526.5 1132 4374085
527 1173 4378257
527.5 1113 4382431
528 1154 4386603
528.5 1095 4390775
529 1136 4394947
529.5 1177 4399119
530 1117 4403291
530.5 1158 4407463
531 1099 4411635
531.5 1140 4415807
532 1181 4419981
532.5 1121 4424153
533 1162 4428325
533.5 1103 4432497
534 1144 4436669
534.5 1093 4440841
535 1125 4445013
535.5 1166 4449185
536 1107 4453359
536.5 1148 4457531
537 1093 4461703
537.5 1129 4465875
538 1170 4470047
538.5 1111 4474219
539 1152 4478391
539.5 1093 4482563
540 1133 4486735
540.5 1174 4490909
541 1115 4495081
541.5 1156 4499253
542 1096 4503425
542.5 1137 4507597
543 1178 4511769
543.5 1119 4515941
544 1159 4520113
544.5 1100 4524285
545 1141 4528459
545.5 1182 4532631
546 1123 4536803
546.5 1163 4540975
547 1104 4545147
547.5 1145 4549319
548 1093 4553491
548.5 1126 4557663
549 1167 4561835
549.5 1108 4566009
550 1149 4570181
550.5 1093 4574353
551 1130 4578525
551.5 1171 4582697
552 1112 4586869
552.5 1153 4591041
553 1093 4595213
553.5 1134 4599387
554 1175 4603559
554.5 1116 4607731
555 1157 4611903
555.5 1097 4616075
556 1138 4620247
556.5 1179 4624419
557 1120 4628591
557.5 1161 4632763
558 1101 4636937
558.5 1142 4641109
559 1093 4645281
559.5 1124 4649453
560 1165 4653625
560.5 1105 4657797
561 1146 4661969
561.5 1093 4666141
562 1128 4670313
562.5 1169 4674487
563 1109 4678659
563.5 1150 4682831
564 1093 4687003
564.5 1132 4691175
565 1172 4695347
565.5 1113 4699519
566 1154 4703691
566.5 1095 4707865
567 1136 4712037
567.5 1176 4716209
568 1117 4720381
568.5 1158 4724553
569 1099 4728725
569.5 1139 4732897
570 1180 4737069
570.5 1121 4741241
571 1162 4745415
571.5 1102 4749587
572 1143 4753759
572.5 1093 4757931
573 1125 4762103
573.5 1166 4766275
574 1106 4770447
574.5 1147 4774619
575 1093 4778791
575.5 1129 4782965
576 1170 4787137
576.5 1110 4791309
577 1151 4795481
577.5 1093 4799653
578 1133 4803825
578.5 1174 4807997
579 1114 4812169
579.5 1155 4816343
580 1096 4820515
580.5 1137 4824687
581 1178 4828859
581.5 1118 4833031
582 1159 4837203
582.5 1100 4841375
583 1141 4845547
583.5 1182 4849719
584 1122 4853893
584.5 1163 4858065
585 1104 4862237
585.5 1145 4866409
586 1093 4870581
586.5 1126 4874753
587 1167 4878925
587.5 1108 4883097
588 1148 4887269
588.5 1093 4891443
589 1130 4895615
589.5 1171 4899787
590 1112 4903959
590.5 1152 4908131
591 1093 4912303
591.5 1134 4916475
592 1175 4920647
592.5 1115 4924819
593 1156 4928993
593.5 1097 4933165
594 1138 4937337
594.5 1179 4941509
595 1119 4945681
595.5 1160 4949853
596 1101 4954025
596.5 1142 4958197
597 1093 4962371
597.5 1123 4966543
598 1164 4970715
598.5 1105 4974887
599 1146 4979059
599.5 1093 4983231
600 1127 4987403
600.5 1168 4991575
601 1109 4995747
601.5 1150 4999921
602 1093 5004093
602.5 1131 5008265
603 1172 5012437
603.5 1113 5016609
604 1154 5020781
604.5 1094 5024953
605 1135 5029125
605.5 1176 5033297
606 1117 5037471
606.5 1158 5041643
607 1098 5045815
607.5 1139 5049987
608 1180 5054159
608.5 1121 5058331
609 1161 5062503
609.5 1102 5066675
610 1143 5070849
610.5 1093 5075021
611 1124 5079193
611.5 1165 5083365
612 1106 5087537
612.5 1147 5091709
613 1093 5095881
613.5 1128 5100053
614 1169 5104225
614.5 1110 5108399
615 1151 5112571
615.5 1093 5116743
616 1132 5120915
616.5 1173 5125087
617 1114 5129259
617.5 1155 5133431
618 1095 5137603
618.5 1136 5141775
619 1177 5145949
619.5 1118 5150121
620 1159 5154293
620.5 1099 5158465
621 1140 5162637
621.5 1181 5166809
622 1122 5170981
622.5 1163 5175153
623 1103 5179325
623.5 1144 5183499
624 1093 5187671
624.5 1126 5191843
625 1167 5196015
625.5 1107 5200187
626 1148 5204359
626.5 1093 5208531
627 1130 5212703
627.5 1171 5216877
628 1111 5221049
628.5 1152 5225221
629 1093 5229393
629.5 1134 5233565
630 1174 5237737
630.5 1115 5241909
631 1156 5246081
631.5 1097 5250253
632 1137 5254427
632.5 1178 5258599
633 1119 5262771
633.5 1160 5266943
634 1100 5271115
634.5 1141 5275287
635 1093 5279459
635.5 1123 5283631
636 1164 5287803
636.5 1104 5291977
637 1145 5296149
637.5 1093 5300321
638 1127 5304493
638.5 1168 5308665
639 1108 5312837
639.5 1149 5317009
640 1093 5321181
640.5 1131 5325355
641 1172 5329527
641.5 1112 5333699
642 1153 5337871
642.5 1094 5342043
643 1135 5346215
643.5 1176 5350387
644 1116 5354559
644.5 1157 5358731
645 1098 5362905
645.5 1139 5367077
646 1180 5371249
646.5 1120 5375421
647 1161 5379593
647.5 1102 5383765
648 1143 5387937
648.5 1093 5392109
649 1124 5396281
649.5 1165 5400455
650 1106 5404627
650.5 1147 5408799
651 1093 5412971
651.5 1128 5417143
652 1169 5421315
652.5 1110 5425487
653 1150 5429659
653.5 1093 5433831
654 1132 5438005
654.5 1173 5442177
655 1113 5446349
655.5 1154 5450521
656 1095 5454693
656.5 1136 5458865
657 1177 5463037
657.5 1117 5467209
658 1158 5471383
658.5 1099 5475555
659 1140 5479727
659.5 1181 5483899
660 1121 5488071
660.5 1162 5492243
661 1103 5496415
661.5 1144 5500587
662 1093 5504759
662.5 1125 5508933
663 1166 5513105
663.5 1107 5517277
664 1148 5521449
664.5 1093 5525621
665 1129 5529793
665.5 1170 5533965
666 1111 5538137
666.5 1152 5542309
667 1093 5546483
667.5 1133 5550655
668 1174 5554827
668.5 1115 5558999
669 1156 5563171
669.5 1096 5567343
670 1137 5571515
670.5 1178 5575687
671 1119 5579861
671.5 1159 5584033
672 1100 5588205
672.5 1141 5592377
673 1182 5596549
673.5 1123 5600721
674 1163 5604893
674.5 1104 5609065
675 1145 5613237
675.5 1093 5617411
676 1126 5621583
676.5 1167 5625755
677 1108 5629927
677.5 1149 5634099
678 1093 5638271
678.5 1130 5642443
679 1171 5646615
679.5 1112 5650787
680 1153 5654961
680.5 1093 5659133
681 1134 5663305
681.5 1175 5667477
682 1116 5671649
682.5 1157 5675821
683 1097 5679993
683.5 1138 5684165
684 1179 5688339
684.5 1120 5692511
685 1161 5696683
685.5 1101 5700855
686 1142 5705027
686.5 1093 5709199
687 1124 5713371
687.5 1165 5717543
688 1105 5721715
688.5 1146 5725889
689 1093 5730061
689.5 1128 5734233
690 1169 5738405
690.5 1109 5742577
691 1150 5746749
691.5 1093 5750921
692 1132 5755093
692.5 1172 5759265
693 1113 5763439
693.5 1154 5767611
694 1095 5771783
694.5 1135 5775955
695 1176 5780127
695.5 1117 5784299
696 1158 5788471
696.5 1099 5792643
697 1139 5796815
697.5 1180 5800989
698 1121 5805161
698.5 1162 5809333
699 1102 5813505
699.5 1143 5817677
700 1093 5821849
700.5 1125 5826021
701 1166 5830193
701.5 1106 5834367
702 1147 5838539
702.5 1093 5842711
703 1129 5846883
703.5 1170 5851055
704 1110 5855227
704.5 1151 5859399
705 1093 5863571
705.5 1133 5867743
706 1174 5871917
706.5 1114 5876089
707 1155 5880261
707.5 1096 5884433
708 1137 5888605
708.5 1178 5892777
709 1118 5896949
709.5 1159 5901121
710 1100 5905293
710.5 1141 5909467
711 1182 5913639
711.5 1122 5917811
712 1163 5921983
712.5 1104 5926155
713 1145 5930327
713.5 1093 5934499
714 1126 5938671
714.5 1167 5942845
715 1108 5947017
715.5 1148 5951189
716 1093 5955361
716.5 1130 5959533
717 1171 5963705
717.5 1111 5967877
718 1152 5972049
718.5 1093 5976221
719 1134 5980395
719.5 1175 5984567
720 1115 5988739
720.5 1156 5992911
721 1097 5997083
721.5 1138 6001255
722 1179 6005427
722.5 1119 6009599
723 1160 6013771
723.5 1101 6017945
724 1142 6022117
724.5 1093 6026289
725 1123 6030461
725.5 1164 6034633
726 1105 6038805
726.5 1146 6042977
727 1093 6047149
727.5 1127 6051321
728 1168 6055495
728.5 1109 6059667
729 1150 6063839
729.5 1093 6068011
730 1131 6072183
730.5 1172 6076355
731 1113 6080527
731.5 1154 6084699
732 1094 6088873
732.5 1135 6093045
733 1176 6097217
733.5 1117 6101389
734 1158 6105561
734.5 1098 6109733
735 1139 6113905
735.5 1180 6118077
736 1121 6122249
736.5 1161 6126423
737 1102 6130595
737.5 1143 6134767
738 1093 6138939
738.5 1124 6143111
739 1165 6147283
739.5 1106 6151455
740 1147 6155627
740.5 1093 6159799
741 1128 6163973
741.5 1169 6168145
742 1110 6172317
742.5 1151 6176489
743 1093 6180661
743.5 1132 6184833
744 1173 6189005
744.5 1114 6193177
745 1155 6197351
745.5 1095 6201523
746 1136 6205695
746.5 1177 6209867
747 1118 6214039
747.5 1159 6218211
748 1099 6222383
748.5 1140 6226555
749 1181 6230727
749.5 1122 6234901
750 1163 6239073
750.5 1103 6243245
751 1144 6247417
751.5 1093 6251589
752 1126 6255761
752.5 1167 6259933
753 1107 6264105
753.5 1148 6268277
754 1093 6272451
754.5 1130 6276623
755 1170 6280795
755.5 1111 6284967
756 1152 6289139
756.5 1093 6293311
757 1134 6297483
757.5 1174 6301655
758 1115 6305827
758.5 1156 6310001
759 1097 6314173
759.5 1137 6318345
760 1178 6322517
760.5 1119 6326689
761 1160 6330861
761.5 1100 6335033
762 1141 6339205
762.5 1093 6343379
763 1123 6347551
763.5 1164 6351723
764 1104 6355895
764.5 1145 6360067
765 1093 6364239
765.5 1127 6368411
766 1168 6372583
766.5 1108 6376755
767 1149 6380929
767.5 1093 6385101
768 1131 6389273
768.5 1172 6393445
769 1112 6397617
769.5 1153 6401789
770 1094 6405961
770.5 1135 6410133
771 1176 6414305
771.5 1116 6418479
772 1157 6422651
772.5 1098 6426823
773 1139 6430995
773.5 1180 6435167
774 1120 6439339
774.5 1161 6443511
775 1102 6447683
775.5 1143 6451857
776 1093 6456029
776.5 1124 6460201
777 1165 6464373
777.5 1106 6468545
778 1146 6472717
778.5 1093 6476889
779 1128 6481061
779.5 1169 6485233
780 1110 6489407
780.5 1150 6493579
781 1093 6497751
781.5 1132 6501923
782 1173 6506095
782.5 1113 6510267
783 1154 6514439
783.5 1095 6518611
784 1136 6522783
784.5 1177 6526957
785 1117 6531129
785.5 1158 6535301
786 1099 6539473
786.5 1140 6543645
787 1181 6547817
787.5 1121 6551989
788 1162 6556161
788.5 1103 6560333
789 1144 6564507
789.5 1093 6568679
790 1125 6572851
790.5 1166 6577023
791 1107 6581195
791.5 1148 6585367
792 1093 6589539
792.5 1129 6593711
793 1170 6597885
793.5 1111 6602057
794 1152 6606229
794.5 1093 6610401
795 1133 6614573
795.5 1174 6618745
796 1115 6622917
796.5 1156 6627089
797 1096 6631261
797.5 1137 6635435
798 1178 6639607
798.5 1119 6643779
799 1159 6647951
799.5 1100 6652123
800 1141 6656295
800.5 1182 6660467
801 1122 6664639
801.5 1163 6668811
802 1104 6672985
802.5 1145 6677157
803 1093 6681329
803.5 1126 6685501
804 1167 6689673
804.5 1108 6693845
805 1149 6698017
805.5 1093 6702189
806 1130 6706363
806.5 1171 6710535
807 1112 6714707
807.5 1153 6718879
808 1093 6723051
808.5 1134 6727223
809 1175 6731395
809.5 1116 6735567
810 1157 6739739
810.5 1097 6743913
811 1138 6748085
811.5 1179 6752257
812 1120 6756429
812.5 1161 6760601
813 1101 6764773
813.5 1142 6768945
814 1093 6773117
814.5 1124 6777289
815 1165 6781463
815.5 1105 6785635
816 1146 6789807
816.5 1093 6793979
817 1128 6798151
817.5 1169 6802323
818 1109 6806495
818.5 1150 6810667
819 1093 6814841
819.5 1132 6819013
820 1172 6823185
820.5 1113 6827357
821 1154 6831529
821.5 1095 6835701
822 1135 6839873
822.5 1176 6844045
823 1117 6848217
823.5 1158 6852391
824 1099 6856563
824.5 1139 6860735
825 1180 6864907
825.5 1121 6869079
826 1162 6873251
826.5 1102 6877423
827 1143 6881595
827.5 1093 6885767
828 1125 6889941
828.5 1166 6894113
829 1106 6898285
829.5 1147 6902457
830 1093 6906629
830.5 1129 6910801
831 1170 6914973
831.5 1110 6919145
832 1151 6923317
832.5 1093 6927491
833 1133 6931663
833.5 1174 6935835
834 1114 6940007
834.5 1155 6944179
835 1096 6948351
835.5 1137 6952523
836 1178 6956695
836.5 1118 6960869
837 1159 6965041
837.5 1100 6969213
838 1141 6973385
838.5 1181 6977557
839 1122 6981729
839.5 1163 6985901
840 1104 6990073
840.5 1145 6994245
841 1093 6998419
841.5 1126 7002591
842 1167 7006763
842.5 1108 7010935
843 1148 7015107
843.5 1093 7019279
844 1130 7023451
844.5 1171 7027623
845 1111 7031795
845.5 1152 7035969
846 1093 7040141
846.5 1134 7044313
847 1175 7048485
847.5 1115 7052657
848 1156 7056829
848.5 1097 7061001
849 1138 7065173
849.5 1179 7069347
850 1119 7073519
850.5 1160 7077691
851 1101 7081863
851.5 1142 7086035
852 1093 7090207
852.5 1123 7094379
853 1164 7098551
853.5 1105 7102723
854 1146 7106897
854.5 1093 7111069
855 1127 7115241
855.5 1168 7119413
856 1109 7123585
856.5 1150 7127757
857 1093 7131929
857.5 1131 7136101
858 1172 7140273
858.5 1113 7144447
859 1154 7148619
859.5 1094 7152791
860 1135 7156963
860.5 1176 7161135
861 1117 7165307
861.5 1157 7169479
862 1098 7173651
862.5 1139 7177823
863 1180 7181997
863.5 1121 7186169
864 1161 7190341
864.5 1102 7194513
865 1143 7198685
865.5 1093 7202857
866 1124 7207029
866.5 1165 7211201
867 1106 7215375
867.5 1147 7219547
868 1093 7223719
868.5 1128 7227891
869 1169 7232063
869.5 1110 7236235
870 1151 7240407
870.5 1093 7244579
871 1132 7248751
871.5 1173 7252925
872 1114 7257097
872.5 1155 7261269
873 1095 7265441
873.5 1136 7269613
874 1177 7273785
874.5 1118 7277957
875 1159 7282129
875.5 1099 7286301
876 1140 7290475
876.5 1181 7294647
877 1122 7298819
877.5 1163 7302991
878 1103 7307163
878.5 1144 7311335
879 1093 7315507
879.5 1126 7319679
880 1167 7323853
880.5 1107 7328025
881 1148 7332197
881.5 1093 7336369
882 1130 7340541
882.5 1170 7344713
883 1111 7348885
883.5 1152 7353057
884 1093 7357229
884.5 1134 7361403
885 1174 7365575
885.5 1115 7369747
886 1156 7373919
886.5 1097 7378091
887 1137 7382263
887.5 1178 7386435
888 1119 7390607
888.5 1160 7394779
889 1100 7398953
889.5 1141 7403125
890 1093 7407297
890.5 1123 7411469
891 1164 7415641
891.5 1104 7419813
892 1145 7423985
892.5 1093 7428157
893 1127 7432329
893.5 1168 7436503
894 1108 7440675
894.5 1149 7444847
895 1093 7449019
895.5 1131 7453191
896 1172 7457363
896.5 1112 7461535
897 1153 7465707
897.5 1094 7469881
898 1135 7474053
898.5 1176 7478225
899 1116 7482397
899.5 1157 7486569
