0 2 -1
0.5 6 6
1 28 50
1.5 141 276
2 711 1416
2.5 837 4196
3 897 7516
3.5 958 11092
4 1006 14944
4.5 1026 18892
5 1032 22892
5.5 1033 26912
6 1033 30934
6.5 1034 34958
7 1035 38986
7.5 1036 43016
8 1036 47052
8.5 1037 51098
9 1038 55162
9.5 1039 59206
10 1040 63252
10.5 1040 67302
11 1041 71356
11.5 1042 75412
12 1044 79470
12.5 1055 83546
13 1097 87692
13.5 1155 91864
14 1211 96036
14.5 1264 100208
15 1042 103474
15.5 1083 108459
16 1142 112631
16.5 1198 116803
17 1251 120975
17.5 1279 125147
18 1119 128975
18.5 1070 133390
19 1122 137550
19.5 1145 141722
20 1154 145894
20.5 1154 150066
21 1155 154238
21.5 1156 158412
22 1156 162584
22.5 1157 166756
23 1158 170928
23.5 1159 175100
24 1159 179272
24.5 1160 183444
25 1161 187616
25.5 1161 191788
26 1162 195962
26.5 1163 200134
27 1164 204306
27.5 1164 208478
28 1169 212650
28.5 1188 216822
29 1236 220994
29.5 1288 225166
30 1050 229275
30.5 1111 233417
31 1168 237589
31.5 1224 241761
32 1267 245933
32.5 1287 250105
33 1038 254240
33.5 1098 258336
34 1135 262508
34.5 1150 266680
35 1154 270852
35.5 1155 275024
36 1155 279198
36.5 1156 283370
37 1157 287542
37.5 1157 291714
38 1158 295886
38.5 1159 300058
39 1160 304230
39.5 1160 308402
40 1161 312574
40.5 1162 316748
41 1162 320920
41.5 1163 325092
42 1164 329264
42.5 1165 333436
43 1176 337608
43.5 1207 341780
44 1261 345952
44.5 1042 349482
45 1079 354203
45.5 1138 358375
46 1195 362547
46.5 1248 366719
47 1278 370891
47.5 1251 374983
48 1066 379134
48.5 1120 383294
49 1144 387466
49.5 1153 391638
50 1154 395810
50.5 1155 399984
51 1156 404156
51.5 1156 408328
52 1157 412500
52.5 1158 416672
53 1159 420844
53.5 1159 425016
54 1160 429188
54.5 1161 433360
55 1161 437534
55.5 1162 441706
56 1163 445878
56.5 1164 450050
57 1164 454222
57.5 1169 458394
58 1186 462566
58.5 1233 466738
59 1285 470912
59.5 1047 475047
60 1107 479161
60.5 1165 483333
61 1220 487505
61.5 1265 491677
62 1286 495851
62.5 1034 499984
63 1095 504080
63.5 1134 508252
64 1149 512424
64.5 1154 516596
65 1155 520770
65.5 1155 524942
66 1156 529114
66.5 1157 533286
67 1157 537458
67.5 1158 541630
68 1159 545802
68.5 1160 549974
69 1160 554146
69.5 1161 558320
70 1162 562492
70.5 1162 566664
71 1163 570836
71.5 1164 575008
72 1165 579180
72.5 1174 583352
73 1204 587524
73.5 1257 591698
74 1111 595490
74.5 1075 599955
75 1134 604119
75.5 1191 608291
76 1245 612463
76.5 1277 616637
77 1291 620809
77.5 1062 624878
78 1118 629038
78.5 1143 633210
79 1153 637382
79.5 1154 641556
80 1155 645728
80.5 1156 649900
81 1156 654072
81.5 1157 658244
82 1158 662416
82.5 1158 666588
83 1159 670760
83.5 1160 674932
84 1161 679106
84.5 1161 683278
85 1162 687450
85.5 1163 691622
86 1163 695794
86.5 1164 699966
87 1168 704138
87.5 1184 708310
88 1229 712484
88.5 1282 716656
89 1043 720791
89.5 1103 724905
90 1161 729077
90.5 1217 733249
91 1263 737423
91.5 1285 741595
92 1032 744859
92.5 1091 749824
93 1132 753996
93.5 1148 758168
94 1154 762342
94.5 1154 766514
95 1155 770686
95.5 1156 774858
96 1157 779030
96.5 1157 783202
97 1158 787374
97.5 1159 791546
98 1160 795720
98.5 1160 799892
99 1161 804064
99.5 1162 808236
100 1162 812408
100.5 1163 816580
101 1164 820752
101.5 1165 824924
102 1174 829096
102.5 1201 833270
103 1254 837442
103.5 1246 841498
104 1071 845699
104.5 1131 849863
105 1188 854035
105.5 1242 858209
106 1276 862381
106.5 1290 866553
107 1059 870622
107.5 1115 874782
108 1142 878954
108.5 1152 883128
109 1154 887300
109.5 1155 891472
110 1156 895644
110.5 1156 899816
111 1157 903988
111.5 1158 908160
112 1158 912332
112.5 1159 916506
113 1160 920678
113.5 1161 924850
114 1161 929022
114.5 1162 933194
115 1163 937366
115.5 1163 941538
116 1164 945710
116.5 1168 949882
117 1183 954056
117.5 1226 958228
118 1279 962400
118.5 1042 965581
119 1099 970649
119.5 1158 974821
120 1213 978995
120.5 1261 983167
121 1284 987339
121.5 1032 990867
122 1087 995568
122.5 1131 999740
123 1148 1003914
123.5 1154 1008086
124 1154 1012258
124.5 1155 1016430
125 1156 1020602
125.5 1157 1024774
126 1157 1028946
126.5 1158 1033118
127 1159 1037292
127.5 1159 1041464
128 1160 1045636
128.5 1161 1049808
129 1162 1053980
129.5 1162 1058152
130 1163 1062324
130.5 1164 1066496
131 1165 1070668
131.5 1173 1074842
132 1198 1079014
132.5 1251 1083186
133 1302 1087358
133.5 1067 1091443
134 1127 1095607
134.5 1184 1099781
135 1238 1103953
135.5 1274 1108125
136 1290 1112297
136.5 1055 1116392
137 1112 1120528
137.5 1141 1124700
138 1152 1128872
138.5 1154 1133044
139 1155 1137216
139.5 1155 1141388
140 1156 1145560
140.5 1157 1149732
141 1158 1153904
141.5 1158 1158078
142 1159 1162250
142.5 1160 1166422
143 1161 1170594
143.5 1161 1174766
144 1162 1178938
144.5 1163 1183110
145 1163 1187282
145.5 1164 1191454
146 1167 1195628
146.5 1181 1199800
147 1222 1203972
147.5 1275 1208144
148 1042 1211257
148.5 1096 1216393
149 1154 1220567
149.5 1210 1224739
150 1259 1228911
150.5 1283 1233083
151 1032 1236011
151.5 1083 1241314
152 1129 1245486
152.5 1147 1249658
153 1154 1253830
153.5 1154 1258002
154 1155 1262174
154.5 1156 1266346
155 1157 1270518
155.5 1157 1274690
156 1158 1278864
156.5 1159 1283036
157 1159 1287208
157.5 1160 1291380
158 1161 1295552
158.5 1162 1299724
159 1162 1303896
159.5 1163 1308068
160 1164 1312240
160.5 1164 1316414
161 1172 1320586
161.5 1196 1324758
162 1248 1328930
162.5 1299 1333102
163 1063 1337187
163.5 1124 1341353
164 1181 1345525
164.5 1235 1349697
165 1273 1353869
165.5 1289 1358041
166 1051 1362136
166.5 1110 1366272
167 1140 1370444
167.5 1151 1374616
168 1154 1378788
168.5 1155 1382960
169 1155 1387132
169.5 1156 1391304
170 1157 1395476
170.5 1158 1399650
171 1158 1403822
171.5 1159 1407994
172 1160 1412166
172.5 1160 1416338
173 1161 1420510
173.5 1162 1424682
174 1163 1428854
174.5 1163 1433026
175 1164 1437200
175.5 1167 1441372
176 1180 1445544
176.5 1219 1449716
177 1272 1453888
177.5 1042 1457016
178 1092 1462139
178.5 1151 1466311
179 1206 1470483
179.5 1257 1474655
180 1282 1478827
180.5 1032 1482019
181 1079 1487058
181.5 1127 1491230
182 1146 1495402
182.5 1154 1499574
183 1154 1503746
183.5 1155 1507918
184 1156 1512090
184.5 1157 1516262
185 1157 1520436
185.5 1158 1524608
186 1159 1528780
186.5 1159 1532952
187 1160 1537124
187.5 1161 1541296
188 1162 1545468
188.5 1162 1549640
189 1163 1553812
189.5 1164 1557986
190 1164 1562158
190.5 1171 1566330
191 1193 1570502
191.5 1244 1574674
192 1296 1578846
192.5 1060 1582953
193 1120 1587097
193.5 1177 1591269
194 1232 1595441
194.5 1271 1599613
195 1289 1603785
195.5 1047 1607882
196 1106 1612016
196.5 1138 1616188
197 1151 1620360
197.5 1154 1624532
198 1155 1628704
198.5 1155 1632876
199 1156 1637048
199.5 1157 1641222
200 1158 1645394
200.5 1158 1649566
201 1159 1653738
201.5 1160 1657910
202 1160 1662082
202.5 1161 1666254
203 1162 1670426
203.5 1163 1674598
204 1163 1678772
204.5 1164 1682944
205 1166 1687116
205.5 1178 1691288
206 1216 1695460
206.5 1269 1699632
207 1042 1702526
207.5 1088 1707883
208 1147 1712055
208.5 1203 1716227
209 1254 1720399
209.5 1281 1724571
210 1032 1728027
210.5 1075 1732802
211 1125 1736974
211.5 1146 1741146
212 1154 1745318
212.5 1154 1749490
213 1155 1753662
213.5 1156 1757834
214 1156 1762008
214.5 1157 1766180
215 1158 1770352
215.5 1159 1774524
216 1159 1778696
216.5 1160 1782868
217 1161 1787040
217.5 1161 1791212
218 1162 1795386
218.5 1163 1799558
219 1164 1803730
219.5 1164 1807902
220 1170 1812074
220.5 1191 1816246
221 1241 1820418
221.5 1293 1824590
222 1056 1828699
222.5 1116 1832841
223 1174 1837013
223.5 1228 1841185
224 1270 1845357
224.5 1288 1849529
225 1043 1853626
225.5 1103 1857760
226 1137 1861932
226.5 1150 1866104
227 1154 1870276
227.5 1155 1874448
228 1155 1878620
228.5 1156 1882794
229 1157 1886966
229.5 1158 1891138
230 1158 1895310
230.5 1159 1899482
231 1160 1903654
231.5 1160 1907826
232 1161 1911998
232.5 1162 1916172
233 1163 1920344
233.5 1163 1924516
234 1164 1928688
234.5 1166 1932860
235 1177 1937032
235.5 1212 1941204
236 1265 1945376
236.5 1042 1948534
237 1084 1953627
237.5 1143 1957799
238 1199 1961971
238.5 1252 1966143
239 1280 1970315
239.5 1064 1974035
240 1072 1978558
240.5 1123 1982718
241 1145 1986890
241.5 1154 1991062
242 1154 1995234
242.5 1155 1999406
243 1156 2003580
243.5 1156 2007752
244 1157 2011924
244.5 1158 2016096
245 1159 2020268
245.5 1159 2024440
246 1160 2028612
246.5 1161 2032784
247 1161 2036958
247.5 1162 2041130
248 1163 2045302
248.5 1164 2049474
249 1164 2053646
249.5 1170 2057818
250 1189 2061990
250.5 1237 2066162
251 1290 2070334
251.5 1052 2074443
252 1112 2078585
252.5 1170 2082757
253 1225 2086929
253.5 1268 2091101
254 1287 2095273
254.5 1040 2099408
255 1100 2103504
255.5 1136 2107676
256 1150 2111848
256.5 1154 2116020
257 1155 2120192
257.5 1155 2124366
258 1156 2128538
258.5 1157 2132710
259 1157 2136882
259.5 1158 2141054
260 1159 2145226
260.5 1160 2149398
261 1160 2153570
261.5 1161 2157744
262 1162 2161916
262.5 1163 2166088
263 1163 2170260
263.5 1164 2174432
264 1166 2178604
264.5 1176 2182776
265 1209 2186948
265.5 1262 2191120
266 1042 2194542
266.5 1080 2199371
267 1140 2203543
267.5 1196 2207715
268 1249 2211887
268.5 1279 2216059
269 1197 2220043
269.5 1068 2224302
270 1121 2228462
270.5 1144 2232634
271 1153 2236806
271.5 1154 2240980
272 1155 2245152
272.5 1156 2249324
273 1156 2253496
273.5 1157 2257668
274 1158 2261840
274.5 1159 2266012
275 1159 2270184
275.5 1160 2274356
276 1161 2278530
276.5 1161 2282702
277 1162 2286874
277.5 1163 2291046
278 1164 2295218
278.5 1164 2299390
279 1169 2303562
279.5 1187 2307734
280 1234 2311906
280.5 1286 2316080
281 1048 2320187
281.5 1109 2324329
282 1166 2328501
282.5 1222 2332673
283 1266 2336845
283.5 1286 2341019
284 1036 2345152
284.5 1096 2349248
285 1134 2353420
285.5 1149 2357592
286 1154 2361766
286.5 1155 2365938
287 1155 2370110
287.5 1156 2374282
288 1157 2378454
288.5 1157 2382626
289 1158 2386798
289.5 1159 2390970
290 1160 2395142
290.5 1160 2399316
291 1161 2403488
291.5 1162 2407660
292 1162 2411832
292.5 1163 2416004
293 1164 2420176
293.5 1165 2424348
294 1175 2428520
294.5 1205 2432692
295 1259 2436866
295.5 1056 2440550
296 1077 2445123
296.5 1136 2449287
297 1193 2453459
297.5 1246 2457631
298 1278 2461805
298.5 1291 2465977
299 1064 2470046
299.5 1119 2474206
300 1143 2478378
300.5 1153 2482552
301 1154 2486724
301.5 1155 2490896
302 1156 2495068
302.5 1156 2499240
303 1157 2503412
303.5 1158 2507584
304 1158 2511756
304.5 1159 2515928
305 1160 2520102
305.5 1161 2524274
306 1161 2528446
306.5 1162 2532618
307 1163 2536790
307.5 1164 2540962
308 1164 2545134
308.5 1168 2549306
309 1185 2553478
309.5 1231 2557652
310 1283 2561824
310.5 1044 2565959
311 1105 2570073
311.5 1163 2574245
312 1218 2578419
312.5 1264 2582591
313 1285 2586763
313.5 1032 2589919
314 1092 2594992
314.5 1133 2599164
315 1149 2603338
315.5 1154 2607510
316 1154 2611682
316.5 1155 2615854
317 1156 2620026
317.5 1157 2624198
318 1157 2628370
318.5 1158 2632542
319 1159 2636714
319.5 1160 2640888
320 1160 2645060
320.5 1161 2649232
321 1162 2653404
321.5 1162 2657576
322 1163 2661748
322.5 1164 2665920
323 1165 2670092
323.5 1174 2674264
324 1202 2678438
324.5 1255 2682610
325 1191 2686558
325.5 1073 2690867
326 1132 2695031
326.5 1189 2699205
327 1243 2703377
327.5 1276 2707549
328 1291 2711721
328.5 1060 2715790
329 1116 2719950
329.5 1142 2724124
330 1152 2728296
330.5 1154 2732468
331 1155 2736640
331.5 1156 2740812
332 1156 2744984
332.5 1157 2749156
333 1158 2753328
333.5 1158 2757500
334 1159 2761674
334.5 1160 2765846
335 1161 2770018
335.5 1161 2774190
336 1162 2778362
336.5 1163 2782534
337 1163 2786706
337.5 1164 2790878
338 1168 2795050
338.5 1183 2799224
339 1227 2803396
339.5 1280 2807568
340 1042 2810724
340.5 1101 2815817
341 1159 2819991
341.5 1215 2824163
342 1262 2828335
342.5 1285 2832507
343 1032 2835927
343.5 1089 2840736
344 1131 2844910
344.5 1148 2849082
345 1154 2853254
345.5 1154 2857426
346 1155 2861598
346.5 1156 2865770
347 1157 2869942
347.5 1157 2874114
348 1158 2878286
348.5 1159 2882460
349 1159 2886632
349.5 1160 2890804
350 1161 2894976
350.5 1162 2899148
351 1162 2903320
351.5 1163 2907492
352 1164 2911664
352.5 1165 2915838
353 1173 2920010
353.5 1200 2924182
354 1252 2928354
354.5 1304 2932526
355 1069 2936611
355.5 1129 2940777
356 1186 2944949
356.5 1240 2949121
357 1275 2953293
357.5 1290 2957465
358 1057 2961560
358.5 1114 2965696
359 1141 2969868
359.5 1152 2974040
360 1154 2978212
360.5 1155 2982384
361 1156 2986556
361.5 1156 2990728
362 1157 2994900
362.5 1158 2999072
363 1158 3003246
363.5 1159 3007418
364 1160 3011590
364.5 1161 3015762
365 1161 3019934
365.5 1162 3024106
366 1163 3028278
366.5 1163 3032450
367 1164 3036624
367.5 1167 3040796
368 1182 3044968
368.5 1224 3049140
369 1277 3053312
369.5 1042 3056483
370 1097 3061563
370.5 1156 3065735
371 1211 3069907
371.5 1260 3074079
372 1284 3078251
372.5 1032 3081502
373 1085 3086482
373.5 1130 3090654
374 1147 3094826
374.5 1154 3098998
375 1154 3103170
375.5 1155 3107342
376 1156 3111514
376.5 1157 3115686
377 1157 3119858
377.5 1158 3124032
378 1159 3128204
378.5 1159 3132376
379 1160 3136548
379.5 1161 3140720
380 1162 3144892
380.5 1162 3149064
381 1163 3153236
381.5 1164 3157410
382 1164 3161582
382.5 1172 3165754
383 1197 3169926
383.5 1249 3174098
384 1301 3178270
384.5 1065 3182355
385 1125 3186521
385.5 1182 3190693
386 1236 3194865
386.5 1273 3199037
387 1289 3203209
387.5 1053 3207304
388 1111 3211440
388.5 1140 3215612
389 1151 3219784
389.5 1154 3223956
390 1155 3228128
390.5 1155 3232300
391 1156 3236472
391.5 1157 3240646
392 1158 3244818
392.5 1158 3248990
393 1159 3253162
393.5 1160 3257334
394 1161 3261506
394.5 1161 3265678
395 1162 3269850
395.5 1163 3274022
396 1163 3278196
396.5 1164 3282368
397 1167 3286540
397.5 1180 3290712
398 1220 3294884
398.5 1273 3299056
399 1042 3302242
399.5 1093 3307307
400 1152 3311479
400.5 1208 3315651
401 1258 3319823
401.5 1283 3323995
402 1032 3327079
402.5 1081 3332226
403 1128 3336398
403.5 1147 3340570
404 1154 3344742
404.5 1154 3348914
405 1155 3353086
405.5 1156 3357258
406 1157 3361432
406.5 1157 3365604
407 1158 3369776
407.5 1159 3373948
408 1159 3378120
408.5 1160 3382292
409 1161 3386464
409.5 1162 3390636
410 1162 3394808
410.5 1163 3398982
411 1164 3403154
411.5 1164 3407326
412 1171 3411498
412.5 1194 3415670
413 1246 3419842
413.5 1297 3424014
414 1061 3428123
414.5 1121 3432265
415 1179 3436437
415.5 1233 3440609
416 1272 3444781
416.5 1289 3448953
417 1049 3453050
417.5 1108 3457184
418 1139 3461356
418.5 1151 3465528
419 1154 3469700
419.5 1155 3473872
420 1155 3478044
420.5 1156 3482218
421 1157 3486390
421.5 1158 3490562
422 1158 3494734
422.5 1159 3498906
423 1160 3503078
423.5 1160 3507250
424 1161 3511422
424.5 1162 3515594
425 1163 3519768
425.5 1163 3523940
426 1164 3528112
426.5 1166 3532284
427 1179 3536456
427.5 1217 3540628
428 1270 3544800
428.5 1042 3547835
429 1090 3553051
429.5 1148 3557223
430 1204 3561395
430.5 1255 3565567
431 1282 3569739
431.5 1032 3573087
432 1077 3577970
432.5 1126 3582142
433 1146 3586314
433.5 1154 3590486
434 1154 3594658
434.5 1155 3598830
435 1156 3603004
435.5 1156 3607176
436 1157 3611348
436.5 1158 3615520
437 1159 3619692
437.5 1159 3623864
438 1160 3628036
438.5 1161 3632208
439 1162 3636380
439.5 1162 3640554
440 1163 3644726
440.5 1164 3648898
441 1164 3653070
441.5 1171 3657242
442 1192 3661414
442.5 1242 3665586
443 1294 3669758
443.5 1058 3673867
444 1118 3678009
444.5 1175 3682181
445 1230 3686353
445.5 1270 3690525
446 1288 3694697
446.5 1045 3698794
447 1105 3702928
447.5 1138 3707100
448 1151 3711272
448.5 1154 3715444
449 1155 3719616
449.5 1155 3723790
450 1156 3727962
450.5 1157 3732134
451 1158 3736306
451.5 1158 3740478
452 1159 3744650
452.5 1160 3748822
453 1160 3752994
453.5 1161 3757166
454 1162 3761340
454.5 1163 3765512
455 1163 3769684
455.5 1164 3773856
456 1166 3778028
456.5 1178 3782200
457 1214 3786372
457.5 1267 3790544
458 1042 3793594
458.5 1086 3798795
459 1145 3802967
459.5 1201 3807139
460 1253 3811311
460.5 1280 3815483
461 1032 3819095
461.5 1073 3823726
462 1124 3827886
462.5 1145 3832058
463 1154 3836230
463.5 1154 3840402
464 1155 3844576
464.5 1156 3848748
465 1156 3852920
465.5 1157 3857092
466 1158 3861264
466.5 1159 3865436
467 1159 3869608
467.5 1160 3873780
468 1161 3877952
468.5 1161 3882126
469 1162 3886298
469.5 1163 3890470
470 1164 3894642
470.5 1164 3898814
471 1170 3902986
471.5 1190 3907158
472 1239 3911330
472.5 1291 3915504
473 1054 3919611
473.5 1114 3923753
474 1171 3927925
474.5 1226 3932097
475 1269 3936269
475.5 1287 3940443
476 1041 3944576
476.5 1101 3948672
477 1136 3952844
477.5 1150 3957016
478 1154 3961188
478.5 1155 3965362
479 1155 3969534
479.5 1156 3973706
480 1157 3977878
480.5 1157 3982050
481 1158 3986222
481.5 1159 3990394
482 1160 3994566
482.5 1160 3998738
483 1161 4002912
483.5 1162 4007084
484 1163 4011256
484.5 1163 4015428
485 1164 4019600
485.5 1166 4023772
486 1176 4027944
486.5 1210 4032116
487 1263 4036290
487.5 1042 4039602
488 1082 4044539
488.5 1141 4048711
489 1197 4052883
489.5 1250 4057055
490 1279 4061229
490.5 1143 4065103
491 1069 4069470
491.5 1122 4073630
492 1144 4077802
492.5 1153 4081974
493 1154 4086148
493.5 1155 4090320
494 1156 4094492
494.5 1156 4098664
495 1157 4102836
495.5 1158 4107008
496 1159 4111180
496.5 1159 4115352
497 1160 4119524
497.5 1161 4123698
498 1161 4127870
498.5 1162 4132042
499 1163 4136214
499.5 1164 4140386
500 1164 4144558
500.5 1169 4148730
501 1188 4152902
501.5 1235 4157076
502 1288 4161248
502.5 1050 4165355
503 1110 4169497
503.5 1168 4173669
504 1223 4177841
504.5 1267 4182015
505 1287 4186187
505.5 1037 4190320
506 1098 4194416
506.5 1135 4198588
507 1150 4202760
507.5 1154 4206934
508 1155 4211106
508.5 1155 4215278
509 1156 4219450
509.5 1157 4223622
510 1157 4227794
510.5 1158 4231966
511 1159 4236138
511.5 1160 4240310
512 1160 4244484
512.5 1161 4248656
513 1162 4252828
513.5 1162 4257000
514 1163 4261172
514.5 1164 4265344
515 1165 4269516
515.5 1175 4273688
516 1207 4277862
516.5 1260 4282034
517 1042 4285610
517.5 1078 4290291
518 1137 4294455
518.5 1194 4298627
519 1247 4302801
519.5 1278 4306973
520 1275 4311111
520.5 1066 4315214
521 1120 4319374
521.5 1143 4323546
522 1153 4327720
522.5 1154 4331892
523 1155 4336064
523.5 1156 4340236
524 1156 4344408
524.5 1157 4348580
525 1158 4352752
525.5 1159 4356924
526 1159 4361098
526.5 1160 4365270
527 1161 4369442
527.5 1161 4373614
528 1162 4377786
528.5 1163 4381958
529 1164 4386130
529.5 1164 4390302
530 1169 4394474
530.5 1186 4398648
531 1232 4402820
531.5 1284 4406992
532 1046 4411127
532.5 1106 4415241
533 1164 4419413
533.5 1220 4423587
534 1265 4427759
534.5 1286 4431931
535 1033 4436064
535.5 1094 4440160
536 1134 4444332
536.5 1149 4448506
537 1154 4452678
537.5 1155 4456850
538 1155 4461022
538.5 1156 4465194
539 1157 4469366
539.5 1157 4473538
540 1158 4477710
540.5 1159 4481884
541 1160 4486056
541.5 1160 4490228
542 1161 4494400
542.5 1162 4498572
543 1162 4502744
543.5 1163 4506916
544 1164 4511088
544.5 1165 4515260
545 1174 4519434
545.5 1204 4523606
546 1257 4527778
546.5 1136 4531618
547 1074 4536035
547.5 1134 4540199
548 1191 4544373
548.5 1244 4548545
549 1277 4552717
549.5 1291 4556889
550 1062 4560958
550.5 1117 4565118
551 1143 4569292
551.5 1153 4573464
552 1154 4577636
552.5 1155 4581808
553 1156 4585980
553.5 1156 4590152
554 1157 4594324
554.5 1158 4598496
555 1158 4602670
555.5 1159 4606842
556 1160 4611014
556.5 1161 4615186
557 1161 4619358
557.5 1162 4623530
558 1163 4627702
558.5 1163 4631874
559 1164 4636046
559.5 1168 4640220
560 1184 4644392
560.5 1229 4648564
561 1281 4652736
561.5 1042 4655867
562 1103 4660985
562.5 1161 4665159
563 1216 4669331
563.5 1263 4673503
564 1285 4677675
564.5 1032 4680987
565 1090 4685906
565.5 1132 4690078
566 1148 4694250
566.5 1154 4698422
567 1154 4702594
567.5 1155 4706766
568 1156 4710938
568.5 1157 4715110
569 1157 4719282
569.5 1158 4723456
570 1159 4727628
570.5 1160 4731800
571 1160 4735972
571.5 1161 4740144
572 1162 4744316
572.5 1162 4748488
573 1163 4752660
573.5 1164 4756832
574 1165 4761006
574.5 1173 4765178
575 1201 4769350
575.5 1254 4773522
576 1270 4777626
576.5 1070 4781779
577 1130 4785945
577.5 1187 4790117
578 1241 4794289
578.5 1275 4798461
579 1290 4802633
579.5 1058 4806726
580 1115 4810864
580.5 1142 4815036
581 1152 4819208
581.5 1154 4823380
582 1155 4827552
582.5 1156 4831724
583 1156 4835896
583.5 1157 4840068
584 1158 4844242
584.5 1158 4848414
585 1159 4852586
585.5 1160 4856758
586 1161 4860930
586.5 1161 4865102
587 1162 4869274
587.5 1163 4873446
588 1163 4877618
588.5 1164 4881792
589 1168 4885964
589.5 1182 4890136
590 1225 4894308
590.5 1278 4898480
591 1042 4901626
591.5 1099 4906731
592 1157 4910903
592.5 1213 4915075
593 1261 4919247
593.5 1284 4923419
594 1032 4926562
594.5 1086 4931650
595 1130 4935822
595.5 1148 4939994
596 1154 4944166
596.5 1154 4948338
597 1155 4952510
597.5 1156 4956682
598 1157 4960854
598.5 1157 4965028
599 1158 4969200
599.5 1159 4973372
600 1159 4977544
600.5 1160 4981716
601 1161 4985888
601.5 1162 4990060
602 1162 4994232
602.5 1163 4998404
603 1164 5002578
603.5 1164 5006750
604 1172 5010922
604.5 1198 5015094
605 1250 5019266
605.5 1302 5023438
606 1067 5027523
606.5 1127 5031689
607 1184 5035861
607.5 1238 5040033
608 1274 5044205
608.5 1290 5048377
609 1054 5052472
609.5 1112 5056608
610 1140 5060780
610.5 1152 5064952
611 1154 5069124
611.5 1155 5073296
612 1155 5077468
612.5 1156 5081640
613 1157 5085814
613.5 1158 5089986
614 1158 5094158
614.5 1159 5098330
615 1160 5102502
615.5 1161 5106674
616 1161 5110846
616.5 1162 5115018
617 1163 5119190
617.5 1163 5123364
618 1164 5127536
618.5 1167 5131708
619 1181 5135880
619.5 1222 5140052
620 1275 5144224
620.5 1042 5147385
621 1095 5152475
621.5 1154 5156647
622 1209 5160819
622.5 1259 5164991
623 1283 5169163
623.5 1032 5172139
624 1083 5177394
624.5 1129 5181566
625 1147 5185738
625.5 1154 5189910
626 1154 5194082
626.5 1155 5198254
627 1156 5202426
627.5 1157 5206600
628 1157 5210772
628.5 1158 5214944
629 1159 5219116
629.5 1159 5223288
630 1160 5227460
630.5 1161 5231632
631 1162 5235804
631.5 1162 5239976
632 1163 5244150
632.5 1164 5248322
633 1164 5252494
633.5 1172 5256666
634 1195 5260838
634.5 1247 5265010
635 1299 5269182
635.5 1063 5273271
636 1123 5277433
636.5 1180 5281605
637 1234 5285777
637.5 1273 5289949
638 1289 5294121
638.5 1050 5298218
639 1109 5302352
639.5 1139 5306524
640 1151 5310696
640.5 1154 5314868
641 1155 5319040
641.5 1155 5323212
642 1156 5327386
642.5 1157 5331558
643 1158 5335730
643.5 1158 5339902
644 1159 5344074
644.5 1160 5348246
645 1160 5352418
645.5 1161 5356590
646 1162 5360764
646.5 1163 5364936
647 1163 5369108
647.5 1164 5373280
648 1167 5377452
648.5 1179 5381624
649 1218 5385796
649.5 1271 5389968
650 1042 5393061
650.5 1091 5398219
651 1150 5402391
651.5 1206 5406563
652 1256 5410735
652.5 1282 5414907
653 1032 5418147
653.5 1079 5423138
654 1127 5427310
654.5 1146 5431482
655 1154 5435654
655.5 1154 5439826
656 1155 5443998
656.5 1156 5448172
657 1156 5452344
657.5 1157 5456516
658 1158 5460688
658.5 1159 5464860
659 1159 5469032
659.5 1160 5473204
660 1161 5477376
660.5 1162 5481550
661 1162 5485722
661.5 1163 5489894
662 1164 5494066
662.5 1164 5498238
663 1171 5502410
663.5 1193 5506582
664 1244 5510754
664.5 1295 5514926
665 1059 5519035
665.5 1119 5523177
666 1176 5527349
666.5 1231 5531521
667 1271 5535693
667.5 1289 5539865
668 1046 5543962
668.5 1106 5548096
669 1138 5552268
669.5 1151 5556440
670 1154 5560612
670.5 1155 5564784
671 1155 5568958
671.5 1156 5573130
672 1157 5577302
672.5 1158 5581474
673 1158 5585646
673.5 1159 5589818
674 1160 5593990
674.5 1160 5598162
675 1161 5602336
675.5 1162 5606508
676 1163 5610680
676.5 1163 5614852
677 1164 5619024
677.5 1166 5623196
678 1178 5627368
678.5 1215 5631540
679 1268 5635712
679.5 1042 5638654
680 1087 5643963
680.5 1146 5648135
681 1202 5652307
681.5 1254 5656479
682 1281 5660651
682.5 1032 5664155
683 1075 5668882
683.5 1125 5673054
684 1146 5677226
684.5 1154 5681398
685 1154 5685570
685.5 1155 5689744
686 1156 5693916
686.5 1156 5698088
687 1157 5702260
687.5 1158 5706432
688 1159 5710604
688.5 1159 5714776
689 1160 5718948
689.5 1161 5723122
690 1161 5727294
690.5 1162 5731466
691 1163 5735638
691.5 1164 5739810
692 1164 5743982
692.5 1170 5748154
693 1191 5752326
693.5 1240 5756498
694 1292 5760672
694.5 1055 5764779
695 1115 5768921
695.5 1173 5773093
696 1228 5777265
696.5 1269 5781437
697 1288 5785611
697.5 1043 5789722
698 1103 5793840
698.5 1137 5798012
699 1150 5802184
699.5 1154 5806358
700 1155 5810530
700.5 1155 5814702
701 1156 5818874
701.5 1157 5823046
702 1158 5827218
702.5 1158 5831390
703 1159 5835562
703.5 1160 5839734
704 1160 5843908
704.5 1161 5848080
705 1162 5852252
705.5 1163 5856424
706 1163 5860596
706.5 1164 5864768
707 1166 5868940
707.5 1177 5873112
708 1212 5877284
708.5 1265 5881458
709 1042 5884662
709.5 1084 5889707
710 1143 5893879
710.5 1199 5898051
711 1251 5902223
711.5 1280 5906397
712 1089 5910163
712.5 1071 5914638
713 1123 5918798
713.5 1145 5922970
714 1154 5927144
714.5 1154 5931316
715 1155 5935488
715.5 1156 5939660
716 1156 5943832
716.5 1157 5948004
717 1158 5952176
717.5 1159 5956348
718 1159 5960520
718.5 1160 5964694
719 1161 5968866
719.5 1161 5973038
720 1162 5977210
720.5 1163 5981382
721 1164 5985554
721.5 1164 5989726
722 1169 5993898
722.5 1189 5998070
723 1237 6002244
723.5 1289 6006416
724 1051 6010523
724.5 1112 6014665
725 1169 6018837
725.5 1224 6023009
726 1267 6027183
726.5 1287 6031355
727 1039 6035488
727.5 1099 6039584
728 1136 6043756
728.5 1150 6047930
729 1154 6052102
729.5 1155 6056274
730 1155 6060446
730.5 1156 6064618
731 1157 6068790
731.5 1157 6072962
732 1158 6077134
732.5 1159 6081306
733 1160 6085480
733.5 1160 6089652
734 1161 6093824
734.5 1162 6097996
735 1163 6102168
735.5 1163 6106340
736 1164 6110512
736.5 1166 6114684
737 1176 6118856
737.5 1208 6123030
738 1261 6127202
738.5 1042 6130670
739 1080 6135451
739.5 1139 6139623
740 1195 6143797
740.5 1248 6147969
741 1279 6152141
741.5 1221 6156171
742 1067 6160382
742.5 1120 6164542
743 1144 6168716
743.5 1153 6172888
744 1154 6177060
744.5 1155 6181232
745 1156 6185404
745.5 1156 6189576
746 1157 6193748
746.5 1158 6197920
747 1159 6202092
747.5 1159 6206266
748 1160 6210438
748.5 1161 6214610
749 1161 6218782
749.5 1162 6222954
750 1163 6227126
750.5 1164 6231298
751 1164 6235470
751.5 1169 6239642
752 1187 6243816
752.5 1233 6247988
753 1286 6252160
753.5 1047 6256269
754 1108 6260409
754.5 1166 6264583
755 1221 6268755
755.5 1266 6272927
756 1286 6277099
756.5 1035 6281232
757 1096 6285328
757.5 1134 6289502
758 1149 6293674
758.5 1154 6297846
759 1155 6302018
759.5 1155 6306190
760 1156 6310362
760.5 1157 6314534
761 1157 6318706
761.5 1158 6322878
762 1159 6327052
762.5 1160 6331224
763 1160 6335396
763.5 1161 6339568
764 1162 6343740
764.5 1162 6347912
765 1163 6352084
765.5 1164 6356256
766 1165 6360428
766.5 1175 6364602
767 1205 6368774
767.5 1258 6372946
768 1080 6376678
768.5 1076 6381203
769 1135 6385369
769.5 1192 6389541
770 1246 6393713
770.5 1277 6397885
771 1291 6402057
771.5 1063 6406126
772 1118 6410288
772.5 1143 6414460
773 1153 6418632
773.5 1154 6422804
774 1155 6426976
774.5 1156 6431148
775 1156 6435320
775.5 1157 6439492
776 1158 6443664
776.5 1158 6447838
777 1159 6452010
777.5 1160 6456182
778 1161 6460354
778.5 1161 6464526
779 1162 6468698
779.5 1163 6472870
780 1164 6477042
780.5 1164 6481216
781 1168 6485388
781.5 1185 6489560
782 1230 6493732
782.5 1283 6497904
783 1044 6502039
783.5 1104 6506155
784 1162 6510327
784.5 1218 6514499
785 1264 6518671
785.5 1285 6522843
786 1032 6526047
786.5 1092 6531074
787 1133 6535246
787.5 1149 6539418
788 1154 6543590
788.5 1154 6547762
789 1155 6551934
789.5 1156 6556106
790 1157 6560278
790.5 1157 6564450
791 1158 6568624
791.5 1159 6572796
792 1160 6576968
792.5 1160 6581140
793 1161 6585312
793.5 1162 6589484
794 1162 6593656
794.5 1163 6597828
795 1164 6602002
795.5 1165 6606174
796 1174 6610346
796.5 1202 6614518
797 1255 6618690
797.5 1214 6622686
798 1072 6626947
798.5 1132 6631113
799 1188 6635285
799.5 1242 6639457
800 1276 6643629
800.5 1291 6647801
801 1059 6651870
801.5 1116 6656032
802 1142 6660204
802.5 1152 6664376
803 1154 6668548
803.5 1155 6672720
804 1156 6676892
804.5 1156 6681064
805 1157 6685236
805.5 1158 6689410
806 1158 6693582
806.5 1159 6697754
807 1160 6701926
807.5 1161 6706098
808 1161 6710270
808.5 1162 6714442
809 1163 6718614
809.5 1163 6722788
810 1164 6726960
810.5 1168 6731132
811 1183 6735304
811.5 1227 6739476
812 1279 6743648
812.5 1042 6746769
813 1100 6751899
813.5 1159 6756071
814 1214 6760243
814.5 1262 6764415
815 1284 6768587
815.5 1032 6772055
816 1088 6776818
816.5 1131 6780990
817 1148 6785162
817.5 1154 6789334
818 1154 6793506
818.5 1155 6797678
819 1156 6801850
819.5 1157 6806024
820 1157 6810196
820.5 1158 6814368
821 1159 6818540
821.5 1159 6822712
822 1160 6826884
822.5 1161 6831056
823 1162 6835228
823.5 1162 6839400
824 1163 6843574
824.5 1164 6847746
825 1165 6851918
825.5 1173 6856090
826 1199 6860262
826.5 1252 6864434
827 1303 6868606
827.5 1068 6872691
828 1128 6876857
828.5 1185 6881029
829 1239 6885201
829.5 1275 6889373
830 1290 6893545
830.5 1056 6897642
831 1113 6901776
831.5 1141 6905948
832 1152 6910120
832.5 1154 6914292
833 1155 6918464
833.5 1156 6922636
834 1156 6926810
834.5 1157 6930982
835 1158 6935154
835.5 1158 6939326
836 1159 6943498
836.5 1160 6947670
837 1161 6951842
837.5 1161 6956014
838 1162 6960186
838.5 1163 6964360
839 1163 6968532
839.5 1164 6972704
840 1167 6976876
840.5 1182 6981048
841 1223 6985220
841.5 1276 6989392
842 1042 6992528
842.5 1097 6997643
843 1155 7001815
843.5 1211 7005987
844 1259 7010159
844.5 1283 7014331
845 1032 7017630
845.5 1084 7022562
846 1129 7026734
846.5 1147 7030906
847 1154 7035078
847.5 1154 7039250
848 1155 7043422
848.5 1156 7047596
849 1157 7051768
849.5 1157 7055940
850 1158 7060112
850.5 1159 7064284
851 1159 7068456
851.5 1160 7072628
852 1161 7076800
852.5 1162 7080972
853 1162 7085146
853.5 1163 7089318
854 1164 7093490
854.5 1164 7097662
855 1172 7101834
855.5 1196 7106006
856 1248 7110178
856.5 1300 7114350
857 1064 7118435
857.5 1124 7122601
858 1181 7126773
858.5 1236 7130945
859 1273 7135117
859.5 1289 7139289
860 1052 7143386
860.5 1110 7147520
861 1140 7151692
861.5 1151 7155864
862 1154 7160036
862.5 1155 7164208
863 1155 7168382
863.5 1156 7172554
864 1157 7176726
864.5 1158 7180898
865 1158 7185070
865.5 1159 7189242
866 1160 7193414
866.5 1161 7197586
867 1161 7201758
867.5 1162 7205932
868 1163 7210104
868.5 1163 7214276
869 1164 7218448
869.5 1167 7222620
870 1180 7226792
870.5 1220 7230964
871 1273 7235136
871.5 1042 7238287
872 1093 7243387
872.5 1151 7247559
873 1207 7251731
873.5 1257 7255903
874 1282 7260075
874.5 1032 7263207
875 1080 7268306
875.5 1127 7272478
876 1147 7276650
876.5 1154 7280822
877 1154 7284994
877.5 1155 7289168
878 1156 7293340
878.5 1157 7297512
879 1157 7301684
879.5 1158 7305856
880 1159 7310028
880.5 1159 7314200
881 1160 7318372
881.5 1161 7322544
882 1162 7326718
882.5 1162 7330890
883 1163 7335062
883.5 1164 7339234
884 1164 7343406
884.5 1171 7347578
885 1194 7351750
885.5 1245 7355922
886 1297 7360094
886.5 1061 7364203
887 1121 7368345
887.5 1178 7372517
888 1232 7376689
888.5 1272 7380861
889 1289 7385035
889.5 1048 7389130
890 1107 7393264
890.5 1139 7397436
891 1151 7401608
891.5 1154 7405780
892 1155 7409954
892.5 1155 7414126
893 1156 7418298
893.5 1157 7422470
894 1158 7426642
894.5 1158 7430814
895 1159 7434986
895.5 1160 7439158
896 1160 7443330
896.5 1161 7447504
897 1162 7451676
897.5 1163 7455848
898 1163 7460020
898.5 1164 7464192
899 1166 7468364
899.5 1179 7472536
