0 -23168
0.5 162176
1 1019392
1.5 5235968
2 27430912
2.5 50900096
3 46938368
3.5 58198016
4 61765888
4.5 67140864
5 73581568
5.5 82802432
6 86648320
6.5 93320704
7 96656896
7.5 96564224
8 96610560
8.5 96656896
9 96564224
9.5 96610560
10 96610560
10.5 96610560
11 96656896
11.5 96564224
12 96610560
12.5 96656896
13 96564224
13.5 96610560
14 96610560
14.5 96610560
15 96656896
15.5 96564224
16 96610560
16.5 96610560
17 96610560
17.5 96610560
18 96610560
18.5 96564224
19 96703232
19.5 96564224
20 96610560
20.5 96610560
21 96610560
21.5 96656896
22 96564224
22.5 96564224
23 96656896
23.5 96610560
24 96610560
24.5 96610560
25 96564224
25.5 96656896
26 96610560
26.5 96564224
27 96656896
27.5 96564224
28 96610560
28.5 96656896
29 96564224
29.5 96656896
30 96610560
30.5 96564224
31 96656896
31.5 96564224
32 96610560
32.5 96656896
33 96564224
33.5 96656896
34 96564224
34.5 96610560
35 96656896
35.5 96564224
36 96610560
36.5 96610560
37 96610560
37.5 96656896
38 96564224
38.5 96564224
39 96703232
39.5 96564224
40 96610560
40.5 96610560
41 96610560
41.5 96656896
42 96564224
42.5 96564224
43 96656896
43.5 96610560
44 96610560
44.5 96610560
45 96564224
45.5 96656896
46 96610560
46.5 96564224
47 96656896
47.5 96564224
48 96610560
48.5 96656896
49 96564224
49.5 96656896
50 96610560
50.5 96564224
51 96656896
51.5 96564224
52 96610560
52.5 96656896
53 96564224
53.5 96656896
54 96564224
54.5 96610560
55 96656896
55.5 96564224
56 96610560
56.5 96610560
57 96610560
57.5 96656896
58 96564224
58.5 96564224
59 96703232
59.5 96564224
60 96610560
60.5 96610560
61 96610560
61.5 96656896
62 96564224
62.5 96564224
63 96656896
63.5 96610560
64 96610560
64.5 96610560
65 96564224
65.5 96656896
66 96610560
66.5 96564224
67 96656896
67.5 96564224
68 96610560
68.5 96656896
69 96564224
69.5 96656896
70 96610560
70.5 96610560
71 96610560
71.5 96564224
72 96610560
72.5 96656896
73 96564224
73.5 96656896
74 96564224
74.5 96610560
75 96656896
75.5 96564224
76 96610560
76.5 96610560
77 96610560
77.5 96656896
78 96564224
78.5 96610560
79 96656896
79.5 96564224
80 96610560
80.5 96610560
81 96610560
81.5 96656896
82 96564224
82.5 96610560
83 96610560
83.5 96610560
84 96610560
84.5 96610560
85 96564224
85.5 96656896
86 96610560
86.5 96610560
87 96610560
87.5 96564224
88 96703232
88.5 96564224
89 96564224
89.5 96656896
90 96610560
90.5 96610560
91 96610560
91.5 96564224
92 96656896
92.5 96610560
93 96564224
93.5 96656896
94 96564224
94.5 96610560
95 96656896
95.5 96564224
96 96656896
96.5 96564224
97 96610560
97.5 96656896
98 96564224
98.5 96610560
99 96656896
99.5 96564224
100 96656896
100.5 96564224
101 96610560
101.5 96656896
102 96564224
102.5 96610560
103 96610560
103.5 96610560
104 96656896
104.5 96564224
105 96564224
105.5 96703232
106 96564224
106.5 96610560
107 96610560
107.5 96610560
108 96656896
108.5 96564224
109 96564224
109.5 96656896
110 96610560
110.5 96610560
111 96610560
111.5 96564224
112 96656896
112.5 96610560
113 96564224
113.5 96656896
114 96564224
114.5 96610560
115 96656896
115.5 96564224
116 96656896
116.5 96610560
117 96564224
117.5 96656896
118 96564224
118.5 96610560
119 96656896
119.5 96564224
120 96656896
120.5 96564224
121 96610560
121.5 96656896
122 96564224
122.5 96610560
123 96610560
123.5 96610560
124 96656896
124.5 96564224
125 96564224
125.5 96703232
126 96564224
126.5 96610560
127 96610560
127.5 96610560
128 96656896
128.5 96564224
129 96564224
129.5 96656896
130 96610560
130.5 96610560
131 96610560
131.5 96564224
132 96656896
132.5 96610560
133 96564224
133.5 96656896
134 96564224
134.5 96610560
135 96656896
135.5 96564224
136 96656896
136.5 96610560
137 96564224
137.5 96656896
138 96564224
138.5 96610560
139 96656896
139.5 96564224
140 96656896
140.5 96564224
141 96610560
141.5 96656896
142 96564224
142.5 96610560
143 96610560
143.5 96656896
144 96703232
144.5 96656896
145 96656896
145.5 96656896
146 96656896
146.5 96656896
147 96656896
147.5 96656896
148 96656896
148.5 96703232
149 96656896
149.5 96656896
150 96656896
150.5 96656896
151 96656896
151.5 96656896
152 96656896
152.5 96656896
153 96703232
153.5 96656896
154 96656896
154.5 96656896
155 96656896
155.5 96656896
156 96656896
156.5 96656896
157 96703232
157.5 96656896
158 96656896
158.5 96656896
159 96656896
159.5 96656896
160 96656896
160.5 96656896
161 96656896
161.5 96703232
162 96656896
162.5 96656896
163 96656896
163.5 96656896
164 96656896
164.5 96656896
165 96656896
165.5 96656896
166 96703232
166.5 96656896
167 96656896
167.5 96656896
168 96656896
168.5 96656896
169 96656896
169.5 96656896
170 96656896
170.5 96703232
171 96656896
171.5 96656896
172 96656896
172.5 96656896
173 96656896
173.5 96656896
174 96656896
174.5 96703232
175 96656896
175.5 96656896
176 96656896
176.5 96656896
177 96656896
177.5 96656896
178 96656896
178.5 96656896
179 96703232
179.5 96656896
180 96656896
180.5 96656896
181 96656896
181.5 96656896
182 96656896
182.5 96656896
183 96656896
183.5 96703232
184 96656896
184.5 96656896
185 96656896
185.5 96656896
186 96656896
186.5 96656896
187 96656896
187.5 96703232
188 96656896
188.5 96656896
189 96656896
189.5 96656896
190 96656896
190.5 96656896
191 96656896
191.5 96656896
192 96703232
192.5 96656896
193 96656896
193.5 96656896
194 96656896
194.5 96656896
195 96656896
195.5 96656896
196 96656896
196.5 96703232
197 96656896
197.5 96656896
198 96656896
198.5 96656896
199 96656896
199.5 96656896
200 96656896
200.5 96656896
201 96703232
201.5 96656896
202 96656896
202.5 96656896
203 96656896
203.5 96656896
204 96656896
204.5 96656896
205 96703232
205.5 67928576
206 90216192
206.5 67743232
207 74044928
207.5 78817536
208 84887552
208.5 92486656
209 96656896
209.5 96610560
210 96610560
210.5 96610560
211 96610560
211.5 96656896
212 96610560
212.5 96610560
213 96656896
213.5 96610560
214 96610560
214.5 96656896
215 96610560
215.5 96656896
216 96564224
216.5 96610560
217 96656896
217.5 96610560
218 96656896
218.5 96610560
219 96610560
219.5 96656896
220 96610560
220.5 96610560
221 96656896
221.5 96564224
222 96656896
222.5 96610560
223 96610560
223.5 96656896
224 96610560
224.5 96610560
225 96656896
225.5 96610560
226 96610560
226.5 96656896
227 96564224
227.5 96703232
228 96564224
228.5 96610560
229 96656896
229.5 96610560
230 96610560
230.5 96656896
231 96610560
231.5 96656896
232 96610560
232.5 96564224
233 96703232
233.5 96564224
234 96610560
234.5 96656896
235 96610560
235.5 96656896
236 96610560
236.5 96610560
237 96656896
237.5 96610560
238 96610560
238.5 96656896
239 96564224
239.5 96656896
240 96610560
240.5 96610560
241 96656896
241.5 96610560
242 96610560
242.5 96656896
243 96610560
243.5 96656896
244 96610560
244.5 96564224
245 96656896
245.5 96610560
246 96610560
246.5 96656896
247 96610560
247.5 96656896
248 96610560
248.5 96610560
249 96656896
249.5 96610560
250 96610560
250.5 96610560
251 96610560
251.5 96656896
252 96610560
252.5 96610560
253 96656896
253.5 96610560
254 96610560
254.5 96656896
255 96610560
255.5 96656896
256 96564224
256.5 96610560
257 96656896
257.5 96610560
258 96610560
258.5 96656896
259 96610560
259.5 96656896
260 96610560
260.5 96610560
261 96656896
261.5 96564224
262 96610560
262.5 96656896
263 96610560
263.5 96656896
264 96610560
264.5 96610560
265 96656896
265.5 96610560
266 96610560
266.5 96656896
267 96564224
267.5 96703232
268 96564224
268.5 96610560
269 96656896
269.5 96610560
270 96656896
270.5 96610560
271 96610560
271.5 96656896
272 96610560
272.5 96610560
273 96656896
273.5 96564224
274 96703232
274.5 96564224
275 96610560
275.5 96656896
276 96610560
276.5 96610560
277 96656896
277.5 96610560
278 96656896
278.5 96610560
279 96564224
279.5 96703232
280 96564224
280.5 96610560
281 96656896
281.5 96610560
282 96656896
282.5 96610560
283 96610560
283.5 96656896
284 96610560
284.5 96610560
285 96656896
285.5 96564224
286 96656896
286.5 96610560
287 96610560
287.5 96656896
288 96610560
288.5 96610560
289 96656896
289.5 96610560
290 96656896
290.5 96610560
291 96564224
291.5 96656896
292 96610560
292.5 96610560
293 96656896
293.5 96610560
294 96656896
294.5 96610560
295 96610560
295.5 96656896
296 96610560
296.5 96564224
297 96656896
297.5 96610560
298 96656896
298.5 96610560
299 96610560
299.5 96656896
300 96610560
300.5 96610560
301 96656896
301.5 96610560
302 96656896
302.5 96564224
303 96610560
303.5 96656896
304 96610560
304.5 96610560
305 96656896
305.5 96610560
306 96656896
306.5 96610560
307 96610560
307.5 96656896
308 96564224
308.5 96610560
309 96656896
309.5 96610560
310 96656896
310.5 96610560
311 96610560
311.5 96656896
312 96610560
312.5 96610560
313 96656896
313.5 96564224
314 96703232
314.5 96564224
315 96610560
315.5 96656896
316 96610560
316.5 96610560
317 96656896
317.5 96610560
318 96656896
318.5 96610560
319 96564224
319.5 96703232
320 96656896
320.5 96656896
321 96656896
321.5 96656896
322 96656896
322.5 96656896
323 96656896
323.5 96656896
324 96703232
324.5 96656896
325 96656896
325.5 96656896
326 96656896
326.5 96656896
327 96656896
327.5 96656896
328 96703232
328.5 96656896
329 96656896
329.5 96656896
330 96656896
330.5 96656896
331 96656896
331.5 96656896
332 96656896
332.5 96703232
333 96656896
333.5 96656896
334 96656896
334.5 96656896
335 96656896
335.5 96656896
336 96656896
336.5 96656896
337 96703232
337.5 96656896
338 96656896
338.5 96656896
339 96656896
339.5 96656896
340 96656896
340.5 96656896
341 96656896
341.5 96703232
342 96656896
342.5 96656896
343 96656896
343.5 96656896
344 96656896
344.5 96656896
345 96656896
345.5 96703232
346 96656896
346.5 96656896
347 96656896
347.5 96656896
348 96656896
348.5 96656896
349 96656896
349.5 96656896
350 96703232
350.5 96656896
351 96656896
351.5 96656896
352 96656896
352.5 96656896
353 96656896
353.5 96656896
354 96656896
354.5 96703232
355 96656896
355.5 96656896
356 96656896
356.5 96656896
357 96656896
357.5 96656896
358 96656896
358.5 96703232
359 96656896
359.5 96656896
360 96656896
360.5 96656896
361 96656896
361.5 96656896
362 96656896
362.5 96656896
363 96703232
363.5 96656896
364 96656896
364.5 96656896
365 96656896
365.5 96656896
366 96656896
366.5 96656896
367 96656896
367.5 96703232
368 96656896
368.5 96656896
369 96656896
369.5 96656896
370 96656896
370.5 96656896
371 96656896
371.5 96656896
372 96703232
372.5 96656896
373 96656896
373.5 96656896
374 96656896
374.5 96656896
375 96656896
375.5 96656896
376 96703232
376.5 96656896
377 96656896
377.5 96656896
378 96656896
378.5 96656896
379 96656896
379.5 96656896
380 96656896
380.5 96703232
381 96656896
381.5 96656896
382 59958784
382.5 67743232
383 73998592
383.5 80392960
384 84887552
384.5 92486656
385 96656896
385.5 96610560
386 96610560
386.5 96656896
387 96564224
387.5 96656896
388 96610560
388.5 96610560
389 96656896
389.5 96610560
390 96610560
390.5 96656896
391 96610560
391.5 96656896
392 96610560
392.5 96564224
393 96656896
393.5 96610560
394 96656896
394.5 96610560
395 96610560
395.5 96656896
396 96610560
396.5 96610560
397 96656896
397.5 96610560
398 96610560
398.5 96610560
399 96610560
399.5 96656896
400 96610560
400.5 96610560
401 96656896
401.5 96610560
402 96610560
402.5 96656896
403 96610560
403.5 96656896
404 96610560
404.5 96564224
405 96656896
405.5 96610560
406 96610560
406.5 96656896
407 96610560
407.5 96656896
408 96610560
408.5 96610560
409 96656896
409.5 96610560
410 96564224
410.5 96656896
411 96610560
411.5 96656896
412 96610560
412.5 96610560
413 96656896
413.5 96610560
414 96610560
414.5 96656896
415 96610560
415.5 96656896
416 96564224
416.5 96610560
417 96656896
417.5 96610560
418 96610560
418.5 96656896
419 96610560
419.5 96656896
420 96610560
420.5 96610560
421 96656896
421.5 96564224
422 96610560
422.5 96656896
423 96610560
423.5 96656896
424 96610560
424.5 96610560
425 96656896
425.5 96610560
426 96610560
426.5 96656896
427 96564224
427.5 96703232
428 96564224
428.5 96610560
429 96656896
429.5 96610560
430 96610560
430.5 96656896
431 96610560
431.5 96656896
432 96610560
432.5 96564224
433 96703232
433.5 96564224
434 96610560
434.5 96656896
435 96610560
435.5 96656896
436 96610560
436.5 96610560
437 96656896
437.5 96610560
438 96610560
438.5 96656896
439 96564224
439.5 96656896
440 96610560
440.5 96610560
441 96656896
441.5 96610560
442 96610560
442.5 96656896
443 96610560
443.5 96656896
444 96610560
444.5 96564224
445 96656896
445.5 96610560
446 96610560
446.5 96656896
447 96610560
447.5 96656896
448 96610560
448.5 96610560
449 96656896
449.5 96610560
450 96610560
450.5 96610560
451 96610560
451.5 96656896
452 96610560
452.5 96610560
453 96656896
453.5 96610560
454 96610560
454.5 96656896
455 96610560
455.5 96656896
456 96564224
456.5 96610560
457 96656896
457.5 96610560
458 96656896
458.5 96610560
459 96610560
459.5 96656896
460 96610560
460.5 96610560
461 96656896
461.5 96564224
462 96703232
462.5 96564224
463 96610560
463.5 96656896
464 96610560
464.5 96610560
465 96656896
465.5 96610560
466 96656896
466.5 96610560
467 96564224
467.5 96703232
468 96564224
468.5 96610560
469 96656896
469.5 96610560
470 96656896
470.5 96610560
471 96610560
471.5 96656896
472 96610560
472.5 96610560
473 96656896
473.5 96564224
474 96656896
474.5 96610560
475 96610560
475.5 96656896
476 96610560
476.5 96610560
477 96656896
477.5 96610560
478 96656896
478.5 96610560
479 96564224
479.5 96656896
480 96610560
480.5 96610560
481 96656896
481.5 96610560
482 96656896
482.5 96610560
483 96610560
483.5 96656896
484 96610560
484.5 96610560
485 96610560
485.5 96610560
486 96656896
486.5 96610560
487 96610560
487.5 96656896
488 96610560
488.5 96610560
489 96656896
489.5 96610560
490 96656896
490.5 96610560
491 96564224
491.5 96656896
492 96610560
492.5 96610560
493 96656896
493.5 96610560
494 96656896
494.5 96610560
495 96610560
495.5 96656896
496 96656896
496.5 96656896
497 96656896
497.5 96656896
498 96656896
498.5 96656896
499 96703232
499.5 96656896
500 96656896
500.5 96656896
501 96656896
501.5 96656896
502 96656896
502.5 96656896
503 96656896
503.5 96703232
504 96656896
504.5 96656896
505 96656896
505.5 96656896
506 96656896
506.5 96656896
507 96656896
507.5 96656896
508 96703232
508.5 96656896
509 96656896
509.5 96656896
510 96656896
510.5 96656896
511 96656896
511.5 96656896
512 96703232
512.5 96656896
513 96656896
513.5 96656896
514 96656896
514.5 96656896
515 96656896
515.5 96656896
516 96656896
516.5 96703232
517 96656896
517.5 96656896
518 96656896
518.5 96656896
519 96656896
519.5 96656896
520 96656896
520.5 96656896
521 96703232
521.5 96656896
522 96656896
522.5 96656896
523 96656896
523.5 96656896
524 96656896
524.5 96656896
525 96656896
525.5 96703232
526 96656896
526.5 96656896
527 96656896
527.5 96656896
528 96656896
528.5 96656896
529 96656896
529.5 96703232
530 96656896
530.5 96656896
531 96656896
531.5 96656896
532 96656896
532.5 96656896
533 96656896
533.5 96656896
534 96703232
534.5 96656896
535 96656896
535.5 96656896
536 96656896
536.5 96656896
537 96656896
537.5 96656896
538 96656896
538.5 96703232
539 96656896
539.5 96656896
540 96656896
540.5 96656896
541 96656896
541.5 96656896
542 96656896
542.5 96703232
543 96656896
543.5 96656896
544 96656896
544.5 96656896
545 96656896
545.5 96656896
546 96656896
546.5 96656896
547 96703232
547.5 96656896
548 96656896
548.5 96656896
549 96656896
549.5 96656896
550 96656896
550.5 96656896
551 96656896
551.5 96703232
552 96656896
552.5 96656896
553 96656896
553.5 96656896
554 96656896
554.5 96656896
555 96656896
555.5 96656896
556 96703232
556.5 96656896
557 96656896
557.5 96656896
558 59680768
558.5 66492160
559 73998592
559.5 80763648
560 86045952
560.5 92486656
561 96656896
561.5 96610560
562 96610560
562.5 96656896
563 96610560
563.5 96610560
564 96610560
564.5 96610560
565 96656896
565.5 96610560
566 96656896
566.5 96610560
567 96610560
567.5 96610560
568 96656896
568.5 96610560
569 96656896
569.5 96564224
570 96656896
570.5 96610560
571 96610560
571.5 96656896
572 96610560
572.5 96610560
573 96656896
573.5 96610560
574 96610560
574.5 96656896
575 96564224
575.5 96703232
576 96564224
576.5 96610560
577 96656896
577.5 96610560
578 96656896
578.5 96610560
579 96610560
579.5 96656896
580 96610560
580.5 96564224
581 96703232
581.5 96564224
582 96610560
582.5 96656896
583 96610560
583.5 96656896
584 96610560
584.5 96610560
585 96656896
585.5 96610560
586 96610560
586.5 96656896
587 96564224
587.5 96656896
588 96610560
588.5 96610560
589 96656896
589.5 96610560
590 96610560
590.5 96656896
591 96610560
591.5 96656896
592 96610560
592.5 96564224
593 96656896
593.5 96610560
594 96610560
594.5 96656896
595 96610560
595.5 96656896
596 96610560
596.5 96610560
597 96656896
597.5 96610560
598 96610560
598.5 96610560
599 96610560
599.5 96656896
600 96610560
600.5 96610560
601 96656896
601.5 96610560
602 96610560
602.5 96656896
603 96610560
603.5 96656896
604 96564224
604.5 96610560
605 96656896
605.5 96610560
606 96610560
606.5 96656896
607 96610560
607.5 96656896
608 96610560
608.5 96610560
609 96656896
609.5 96564224
610 96610560
610.5 96656896
611 96610560
611.5 96656896
612 96610560
612.5 96610560
613 96656896
613.5 96610560
614 96610560
614.5 96656896
615 96564224
615.5 96703232
616 96564224
616.5 96610560
617 96656896
617.5 96610560
618 96610560
618.5 96656896
619 96610560
619.5 96656896
620 96610560
620.5 96564224
621 96703232
621.5 96564224
622 96610560
622.5 96656896
623 96610560
623.5 96656896
624 96610560
624.5 96610560
625 96656896
625.5 96610560
626 96610560
626.5 96656896
627 96564224
627.5 96703232
628 96564224
628.5 96610560
629 96656896
629.5 96610560
630 96610560
630.5 96656896
631 96610560
631.5 96656896
632 96610560
632.5 96610560
633 96656896
633.5 96564224
634 96610560
634.5 96656896
635 96610560
635.5 96656896
636 96610560
636.5 96610560
637 96656896
637.5 96610560
638 96610560
638.5 96656896
639 96564224
639.5 96656896
640 96610560
640.5 96610560
641 96656896
641.5 96610560
642 96610560
642.5 96656896
643 96610560
643.5 96656896
644 96610560
644.5 96564224
645 96656896
645.5 96610560
646 96656896
646.5 96610560
647 96610560
647.5 96656896
648 96610560
648.5 96610560
649 96656896
649.5 96610560
650 96656896
650.5 96564224
651 96610560
651.5 96656896
652 96610560
652.5 96610560
653 96656896
653.5 96610560
654 96656896
654.5 96610560
655 96610560
655.5 96656896
656 96564224
656.5 96610560
657 96656896
657.5 96610560
658 96656896
658.5 96610560
659 96610560
659.5 96656896
660 96610560
660.5 96610560
661 96656896
661.5 96564224
662 96703232
662.5 96564224
663 96610560
663.5 96656896
664 96610560
664.5 96610560
665 96656896
665.5 96610560
666 96656896
666.5 96610560
667 96564224
667.5 96703232
668 96564224
668.5 96610560
669 96656896
669.5 96610560
670 96656896
670.5 96610560
671 96610560
671.5 96656896
672 96656896
672.5 96656896
673 96656896
673.5 96656896
674 96656896
674.5 96703232
675 96656896
675.5 96656896
676 96656896
676.5 96656896
677 96656896
677.5 96656896
678 96656896
678.5 96656896
679 96703232
679.5 96656896
680 96656896
680.5 96656896
681 96656896
681.5 96656896
682 96656896
682.5 96656896
683 96703232
683.5 96656896
684 96656896
684.5 96656896
685 96656896
685.5 96656896
686 96656896
686.5 96656896
687 96656896
687.5 96703232
688 96656896
688.5 96656896
689 96656896
689.5 96656896
690 96656896
690.5 96656896
691 96656896
691.5 96656896
692 96703232
692.5 96656896
693 96656896
693.5 96656896
694 96656896
694.5 96656896
695 96656896
695.5 96656896
696 96656896
696.5 96703232
697 96656896
697.5 96656896
698 96656896
698.5 96656896
699 96656896
699.5 96656896
700 96656896
700.5 96703232
701 96656896
701.5 96656896
702 96656896
702.5 96656896
703 96656896
703.5 96656896
704 96656896
704.5 96656896
705 96703232
705.5 96656896
706 96656896
706.5 96656896
707 96656896
707.5 96656896
708 96656896
708.5 96656896
709 96656896
709.5 96703232
710 96656896
710.5 96656896
711 96656896
711.5 96656896
712 96656896
712.5 96656896
713 96656896
713.5 96703232
714 96656896
714.5 96656896
715 96656896
715.5 96656896
716 96656896
716.5 96656896
717 96656896
717.5 96656896
718 96703232
718.5 96656896
719 96656896
719.5 96656896
720 96656896
720.5 96656896
721 96656896
721.5 96656896
722 96656896
722.5 96703232
723 96656896
723.5 96656896
724 96656896
724.5 96656896
725 96656896
725.5 96656896
726 96656896
726.5 96656896
727 96703232
727.5 96656896
728 96656896
728.5 96656896
729 96656896
729.5 96656896
730 96656896
730.5 96656896
731 96703232
731.5 96656896
732 96656896
732.5 96656896
733 96656896
733.5 95127808
734 61209856
734.5 66538496
735 72747520
735.5 80392960
736 87621376
736.5 92486656
737 96656896
737.5 96610560
738 96610560
738.5 96656896
739 96610560
739.5 96610560
740 96656896
740.5 96564224
741 96656896
741.5 96610560
742 96656896
742.5 96610560
743 96610560
743.5 96610560
744 96656896
744.5 96610560
745 96656896
745.5 96610560
746 96610560
746.5 96656896
747 96564224
747.5 96656896
748 96610560
748.5 96610560
749 96656896
749.5 96610560
750 96610560
750.5 96656896
751 96610560
751.5 96610560
752 96656896
752.5 96564224
753 96656896
753.5 96610560
754 96656896
754.5 96610560
755 96610560
755.5 96610560
756 96656896
756.5 96610560
757 96656896
757.5 96610560
758 96564224
758.5 96656896
759 96610560
759.5 96656896
760 96610560
760.5 96610560
761 96656896
761.5 96610560
762 96610560
762.5 96656896
763 96610560
763.5 96656896
764 96564224
764.5 96610560
765 96656896
765.5 96610560
766 96610560
766.5 96656896
767 96610560
767.5 96656896
768 96610560
768.5 96610560
769 96656896
769.5 96564224
770 96610560
770.5 96656896
771 96610560
771.5 96656896
772 96610560
772.5 96610560
773 96656896
773.5 96610560
774 96610560
774.5 96656896
775 96564224
775.5 96703232
776 96564224
776.5 96610560
777 96656896
777.5 96610560
778 96610560
778.5 96656896
779 96610560
779.5 96656896
780 96610560
780.5 96564224
781 96703232
781.5 96564224
782 96610560
782.5 96656896
783 96610560
783.5 96656896
784 96610560
784.5 96610560
785 96656896
785.5 96610560
786 96610560
786.5 96656896
787 96564224
787.5 96656896
788 96610560
788.5 96610560
789 96656896
789.5 96610560
790 96610560
790.5 96656896
791 96610560
791.5 96656896
792 96610560
792.5 96564224
793 96656896
793.5 96610560
794 96610560
794.5 96656896
795 96610560
795.5 96656896
796 96610560
796.5 96610560
797 96656896
797.5 96610560
798 96610560
798.5 96610560
799 96610560
799.5 96656896
800 96610560
800.5 96610560
801 96656896
801.5 96610560
802 96610560
802.5 96656896
803 96610560
803.5 96656896
804 96564224
804.5 96610560
805 96656896
805.5 96610560
806 96610560
806.5 96656896
807 96610560
807.5 96656896
808 96610560
808.5 96610560
809 96656896
809.5 96564224
810 96610560
810.5 96656896
811 96610560
811.5 96656896
812 96610560
812.5 96610560
813 96656896
813.5 96610560
814 96610560
814.5 96656896
815 96564224
815.5 96703232
816 96564224
816.5 96610560
817 96656896
817.5 96610560
818 96610560
818.5 96656896
819 96610560
819.5 96656896
820 96610560
820.5 96610560
821 96656896
821.5 96564224
822 96610560
822.5 96656896
823 96610560
823.5 96656896
824 96610560
824.5 96610560
825 96656896
825.5 96610560
826 96610560
826.5 96656896
827 96564224
827.5 96656896
828 96610560
828.5 96610560
829 96656896
829.5 96610560
830 96610560
830.5 96656896
831 96610560
831.5 96656896
832 96610560
832.5 96610560
833 96610560
833.5 96610560
834 96656896
834.5 96610560
835 96610560
835.5 96656896
836 96610560
836.5 96610560
837 96656896
837.5 96610560
838 96656896
838.5 96610560
839 96564224
839.5 96656896
840 96610560
840.5 96610560
841 96656896
841.5 96610560
842 96656896
842.5 96610560
843 96610560
843.5 96656896
844 96610560
844.5 96564224
845 96656896
845.5 96610560
846 96656896
846.5 96610560
847 96610560
847.5 96656896
848 96656896
848.5 96656896
849 96656896
849.5 96656896
850 96703232
850.5 96656896
851 96656896
851.5 96656896
852 96656896
852.5 96656896
853 96656896
853.5 96656896
854 96703232
854.5 96656896
855 96656896
855.5 96656896
856 96656896
856.5 96656896
857 96656896
857.5 96656896
858 96656896
858.5 96703232
859 96656896
859.5 96656896
860 96656896
860.5 96656896
861 96656896
861.5 96656896
862 96656896
862.5 96656896
863 96703232
863.5 96656896
864 96656896
864.5 96656896
865 96656896
865.5 96656896
866 96656896
866.5 96656896
867 96656896
867.5 96703232
868 96656896
868.5 96656896
869 96656896
869.5 96656896
870 96656896
870.5 96656896
871 96656896
871.5 96703232
872 96656896
872.5 96656896
873 96656896
873.5 96656896
874 96656896
874.5 96656896
875 96656896
875.5 96656896
876 96703232
876.5 96656896
877 96656896
877.5 96656896
878 96656896
878.5 96656896
879 96656896
879.5 96656896
880 96656896
880.5 96703232
881 96656896
881.5 96656896
882 96656896
882.5 96656896
883 96656896
883.5 96656896
884 96656896
884.5 96703232
885 96656896
885.5 96656896
886 96656896
886.5 96656896
887 96656896
887.5 96656896
888 96656896
888.5 96656896
889 96703232
889.5 96656896
890 96656896
890.5 96656896
891 96656896
891.5 96656896
892 96656896
892.5 96656896
893 96656896
893.5 96703232
894 96656896
894.5 96656896
895 96656896
895.5 96656896
896 96656896
896.5 96656896
897 96656896
897.5 96656896
898 96703232
898.5 96656896
899 96656896
899.5 96656896
