0 2 -1
0.5 6 6
1 28 50
1.5 143 276
2 755 1460
2.5 339 3657
3 622 5683
3.5 681 8195
4 744 10861
4.5 811 13759
5 866 16935
5.5 942 20509
6 1023 24249
6.5 1110 28277
7 1068 32449
7.5 1160 36617
8 1091 40787
8.5 1112 44959
9 1136 49127
9.5 1091 53297
10 1160 57467
10.5 1114 61637
11 1068 65809
11.5 1160 69977
12 1091 74147
12.5 1112 78319
13 1136 82487
13.5 1091 86657
14 1160 90827
14.5 1114 94997
15 1068 99169
15.5 1160 103337
16 1091 107507
16.5 1112 111677
17 1136 115847
17.5 1091 120017
18 1160 124187
18.5 1114 128355
19 1068 132529
19.5 1160 136697
20 1091 140867
20.5 1112 145037
21 1136 149207
21.5 1068 153379
22 1160 157547
22.5 1114 161715
23 1068 165887
23.5 1160 170057
24 1091 174227
24.5 1112 178397
25 1136 182565
25.5 1068 186737
26 1160 190907
26.5 1114 195075
27 1068 199247
27.5 1137 203415
28 1091 207585
28.5 1112 211757
29 1136 215925
29.5 1068 220097
30 1160 224267
30.5 1114 228435
31 1068 232607
31.5 1137 236775
32 1091 240945
32.5 1112 245117
33 1136 249285
33.5 1068 253457
34 1160 257625
34.5 1114 261795
35 1068 265967
35.5 1137 270135
36 1091 274305
36.5 1112 278475
37 1136 282645
37.5 1068 286817
38 1160 290985
38.5 1114 295153
39 1068 299327
39.5 1136 303495
40 1091 307665
40.5 1112 311835
41 1136 316005
41.5 1068 320177
42 1160 324345
42.5 1114 328513
43 1113 332685
43.5 1136 336855
44 1091 341025
44.5 1112 345195
45 1136 349363
45.5 1068 353535
46 1160 357705
46.5 1114 361873
47 1113 366045
47.5 1136 370213
48 1091 374383
48.5 1112 378555
49 1114 382723
49.5 1068 386895
50 1160 391065
50.5 1114 395233
51 1113 399405
51.5 1136 403573
52 1091 407743
52.5 1112 411915
53 1114 416083
53.5 1068 420255
54 1160 424423
54.5 1114 428593
55 1113 432765
55.5 1136 436933
56 1091 441103
56.5 1112 445273
57 1114 449443
57.5 1068 453615
58 1160 457783
58.5 1114 461951
59 1113 466125
59.5 1136 470293
60 1091 474463
60.5 1112 478633
61 1114 482803
61.5 1068 486975
62 1160 491143
62.5 1114 495311
63 1113 499483
63.5 1136 503653
64 1091 507823
64.5 1112 511993
65 1114 516161
65.5 1068 520333
66 1160 524503
66.5 1114 528671
67 1113 532843
67.5 1136 537011
68 1091 541181
68.5 1160 545353
69 1114 549521
69.5 1068 553693
70 1160 557863
70.5 1092 562033
71 1113 566203
71.5 1136 570371
72 1091 574541
72.5 1160 578713
73 1114 582881
73.5 1068 587053
74 1160 591221
74.5 1092 595391
75 1112 599563
75.5 1136 603731
76 1091 607901
76.5 1160 612071
77 1114 616241
77.5 1068 620413
78 1160 624581
78.5 1092 628751
79 1112 632923
79.5 1136 637091
80 1091 641261
80.5 1160 645431
81 1114 649601
81.5 1068 653773
82 1160 657941
82.5 1092 662111
83 1112 666281
83.5 1136 670451
84 1091 674621
84.5 1160 678791
85 1114 682959
85.5 1068 687131
86 1160 691301
86.5 1092 695471
87 1112 699641
87.5 1136 703809
88 1068 707983
88.5 1160 712151
89 1114 716319
89.5 1068 720491
90 1160 724661
90.5 1092 728831
91 1112 733001
91.5 1136 737169
92 1068 741341
92.5 1160 745511
93 1114 749679
93.5 1068 753851
94 1137 758019
94.5 1092 762189
95 1112 766361
95.5 1136 770529
96 1068 774701
96.5 1160 778869
97 1114 783039
97.5 1068 787211
98 1137 791379
98.5 1092 795549
99 1112 799721
99.5 1136 803889
100 1068 808061
100.5 1160 812229
101 1114 816399
101.5 1068 820571
102 1137 824739
102.5 1092 828909
103 1112 833079
103.5 1136 837249
104 1068 841421
104.5 1160 845589
105 1114 849757
105.5 1068 853931
106 1137 858099
106.5 1092 862269
107 1112 866439
107.5 1136 870609
108 1068 874781
108.5 1160 878949
109 1114 883117
109.5 1113 887289
110 1137 891459
110.5 1092 895629
111 1112 899799
111.5 1136 903967
112 1068 908139
112.5 1160 912309
113 1114 916477
113.5 1113 920649
114 1137 924817
114.5 1092 928987
115 1112 933159
115.5 1114 937327
116 1068 941499
116.5 1160 945669
117 1114 949837
117.5 1113 954009
118 1137 958177
118.5 1091 962347
119 1112 966519
119.5 1114 970687
120 1068 974859
120.5 1160 979027
121 1114 983197
121.5 1113 987369
122 1137 991537
122.5 1091 995707
123 1112 999877
123.5 1114 1004047
124 1068 1008219
124.5 1160 1012387
125 1114 1016555
125.5 1113 1020729
126 1137 1024897
126.5 1091 1029067
127 1112 1033237
127.5 1114 1037407
128 1068 1041579
128.5 1160 1045747
129 1114 1049915
129.5 1113 1054087
130 1137 1058257
130.5 1091 1062427
131 1112 1066597
131.5 1114 1070765
132 1068 1074937
132.5 1160 1079107
133 1114 1083275
133.5 1113 1087447
134 1137 1091615
134.5 1091 1095785
135 1160 1099957
135.5 1114 1104125
136 1068 1108297
136.5 1160 1112467
137 1092 1116635
137.5 1113 1120807
138 1137 1124975
138.5 1091 1129145
139 1160 1133317
139.5 1114 1137485
140 1068 1141657
140.5 1160 1145825
141 1092 1149995
141.5 1113 1154167
142 1137 1158335
142.5 1091 1162505
143 1160 1166675
143.5 1116 1170847
144 1073 1175021
144.5 1165 1179193
145 1100 1183365
145.5 1079 1187537
146 1112 1191709
146.5 1149 1195881
147 1107 1200053
147.5 1086 1204225
148 1112 1208397
148.5 1158 1212571
149 1115 1216743
149.5 1094 1220915
150 1113 1225087
150.5 1142 1229259
151 1122 1233431
151.5 1101 1237603
152 1103 1241775
152.5 1105 1245947
153 1107 1250121
153.5 1109 1254293
154 1110 1258465
154.5 1112 1262637
155 1114 1266809
155.5 1116 1270981
156 1118 1275153
156.5 1120 1279325
157 1122 1283499
157.5 1123 1287671
158 1125 1291843
158.5 1127 1296015
159 1129 1300187
159.5 1131 1304359
160 1133 1308531
160.5 1135 1312703
161 1136 1316875
161.5 1138 1321049
162 1140 1325221
162.5 1142 1329393
163 1144 1333565
163.5 1146 1337737
164 1147 1341909
164.5 1149 1346081
165 1151 1350253
165.5 1153 1354425
166 1155 1358599
166.5 1156 1362771
167 1158 1366943
167.5 1160 1371115
168 1162 1375287
168.5 1164 1379459
169 1165 1383631
169.5 1167 1387803
170 1169 1391975
170.5 1171 1396149
171 1173 1400321
171.5 1174 1404493
172 1176 1408665
172.5 1178 1412837
173 1180 1417009
173.5 1181 1421181
174 1183 1425353
174.5 1185 1429527
175 1187 1433699
175.5 1188 1437871
176 1190 1442043
176.5 1192 1446215
177 1194 1450387
177.5 1195 1454559
178 1197 1458731
178.5 1199 1462903
179 1201 1467077
179.5 1202 1471249
180 1204 1475421
180.5 1206 1479593
181 1208 1483765
181.5 1209 1487937
182 1211 1492109
182.5 1213 1496281
183 1214 1500453
183.5 1216 1504627
184 1218 1508799
184.5 1220 1512971
185 1221 1517143
185.5 1223 1521315
186 1225 1525487
186.5 1226 1529659
187 1228 1533831
187.5 1230 1538005
188 1232 1542177
188.5 1233 1546349
189 1235 1550521
189.5 1237 1554693
190 1238 1558865
190.5 1240 1563037
191 1242 1567209
191.5 1243 1571381
192 1245 1575555
192.5 1247 1579727
193 1248 1583899
193.5 1250 1588071
194 1252 1592243
194.5 1253 1596415
195 1255 1600587
195.5 1257 1604759
196 1258 1608931
196.5 1260 1613105
197 1262 1617277
197.5 1263 1621449
198 1265 1625621
198.5 1267 1629793
199 1268 1633965
199.5 1270 1638137
200 1272 1642309
200.5 1273 1646481
201 1275 1650655
201.5 1276 1654827
202 1278 1658999
202.5 1280 1663171
203 1281 1667343
203.5 1283 1671515
204 1285 1675687
204.5 1286 1679859
205 1288 1684033
205.5 670 1686965
206 720 1690859
206.5 786 1693783
207 857 1696979
207.5 933 1700381
208 1014 1704045
208.5 1101 1708037
209 1069 1712209
209.5 1137 1716379
210 1092 1720549
210.5 1113 1724719
211 1137 1728889
211.5 1069 1733061
212 1161 1737231
212.5 1115 1741401
213 1069 1745573
213.5 1137 1749743
214 1092 1753913
214.5 1113 1758085
215 1137 1762255
215.5 1069 1766427
216 1161 1770595
216.5 1115 1774765
217 1068 1778937
217.5 1137 1783107
218 1092 1787279
218.5 1113 1791449
219 1137 1795619
219.5 1069 1799791
220 1161 1803961
220.5 1115 1808131
221 1113 1812303
221.5 1137 1816471
222 1092 1820643
222.5 1113 1824813
223 1137 1828983
223.5 1069 1833155
224 1161 1837325
224.5 1115 1841495
225 1113 1845667
225.5 1137 1849837
226 1092 1854007
226.5 1113 1858179
227 1115 1862347
227.5 1069 1866521
228 1161 1870689
228.5 1115 1874859
229 1113 1879031
229.5 1137 1883201
230 1092 1887371
230.5 1113 1891543
231 1115 1895713
231.5 1069 1899885
232 1161 1904055
232.5 1115 1908223
233 1113 1912397
233.5 1137 1916565
234 1092 1920735
234.5 1113 1924907
235 1115 1929077
235.5 1069 1933249
236 1161 1937419
236.5 1114 1941589
237 1113 1945761
237.5 1137 1949931
238 1092 1954101
238.5 1113 1958273
239 1115 1962441
239.5 1069 1966613
240 1161 1970783
240.5 1114 1974953
241 1113 1979125
241.5 1137 1983295
242 1092 1987465
242.5 1113 1991637
243 1115 1995807
243.5 1069 1999979
244 1161 2004149
244.5 1114 2008317
245 1113 2012489
245.5 1137 2016659
246 1092 2020829
246.5 1113 2025001
247 1115 2029171
247.5 1069 2033343
248 1161 2037513
248.5 1092 2041683
249 1113 2045855
249.5 1137 2050025
250 1092 2054195
250.5 1161 2058365
251 1115 2062535
251.5 1069 2066707
252 1160 2070877
252.5 1092 2075047
253 1113 2079219
253.5 1137 2083389
254 1092 2087559
254.5 1161 2091731
255 1115 2095901
255.5 1069 2100073
256 1160 2104241
256.5 1092 2108411
257 1113 2112583
257.5 1137 2116753
258 1092 2120923
258.5 1161 2125095
259 1115 2129265
259.5 1069 2133437
260 1160 2137607
260.5 1092 2141777
261 1113 2145949
261.5 1137 2150117
262 1092 2154287
262.5 1161 2158459
263 1115 2162629
263.5 1069 2166801
264 1160 2170971
264.5 1092 2175141
265 1113 2179313
265.5 1137 2183483
266 1092 2187653
266.5 1161 2191825
267 1115 2195993
267.5 1069 2200167
268 1160 2204335
268.5 1092 2208505
269 1113 2212677
269.5 1137 2216847
270 1069 2221019
270.5 1161 2225189
271 1115 2229359
271.5 1069 2233531
272 1160 2237701
272.5 1092 2241871
273 1113 2246043
273.5 1137 2250211
274 1069 2254385
274.5 1161 2258553
275 1115 2262723
275.5 1069 2266895
276 1137 2271065
276.5 1092 2275235
277 1113 2279407
277.5 1137 2283577
278 1069 2287749
278.5 1161 2291919
279 1115 2296087
279.5 1068 2300261
280 1137 2304429
280.5 1092 2308599
281 1113 2312771
281.5 1137 2316941
282 1069 2321113
282.5 1161 2325283
283 1115 2329453
283.5 1068 2333625
284 1137 2337795
284.5 1092 2341965
285 1113 2346137
285.5 1137 2350305
286 1069 2354477
286.5 1161 2358647
287 1115 2362817
287.5 1068 2366989
288 1137 2371159
288.5 1092 2375329
289 1113 2379501
289.5 1137 2383671
290 1069 2387843
290.5 1161 2392013
291 1115 2396181
291.5 1068 2400353
292 1137 2404523
292.5 1092 2408693
293 1113 2412865
293.5 1137 2417035
294 1069 2421207
294.5 1161 2425377
295 1115 2429547
295.5 1113 2433719
296 1137 2437889
296.5 1092 2442057
297 1113 2446229
297.5 1137 2450399
298 1069 2454571
298.5 1161 2458741
299 1114 2462911
299.5 1113 2467083
300 1137 2471253
300.5 1092 2475423
301 1113 2479595
301.5 1115 2483765
302 1069 2487937
302.5 1161 2492105
303 1114 2496275
303.5 1113 2500447
304 1137 2504617
304.5 1092 2508787
305 1113 2512959
305.5 1115 2517129
306 1069 2521301
306.5 1161 2525471
307 1114 2529641
307.5 1113 2533813
308 1137 2537981
308.5 1092 2542151
309 1113 2546323
309.5 1115 2550493
310 1069 2554665
310.5 1160 2558835
311 1114 2563005
311.5 1113 2567177
312 1137 2571347
312.5 1092 2575517
313 1113 2579689
313.5 1115 2583857
314 1069 2588031
314.5 1160 2592199
315 1114 2596369
315.5 1113 2600541
316 1137 2604711
316.5 1092 2608881
317 1113 2613053
317.5 1115 2617223
318 1069 2621395
318.5 1160 2625565
319 1114 2629733
319.5 1113 2633907
320 1140 2638079
320.5 1098 2642251
321 1112 2646423
321.5 1146 2650595
322 1126 2654767
322.5 1105 2658939
323 1111 2663111
323.5 1153 2667283
324 1133 2671457
324.5 1113 2675629
325 1114 2679801
325.5 1162 2683973
326 1140 2688145
326.5 1097 2692317
327 1113 2696489
327.5 1112 2700661
328 1103 2704835
328.5 1105 2709007
329 1107 2713179
329.5 1109 2717351
330 1110 2721523
330.5 1112 2725695
331 1114 2729867
331.5 1116 2734039
332 1118 2738211
332.5 1120 2742385
333 1122 2746557
333.5 1124 2750729
334 1125 2754901
334.5 1127 2759073
335 1129 2763245
335.5 1131 2767417
336 1133 2771589
336.5 1135 2775761
337 1136 2779935
337.5 1138 2784107
338 1140 2788279
338.5 1142 2792451
339 1144 2796623
339.5 1146 2800795
340 1147 2804967
340.5 1149 2809139
341 1151 2813311
341.5 1153 2817485
342 1155 2821657
342.5 1156 2825829
343 1158 2830001
343.5 1160 2834173
344 1162 2838345
344.5 1164 2842517
345 1165 2846689
345.5 1167 2850863
346 1169 2855035
346.5 1171 2859207
347 1173 2863379
347.5 1174 2867551
348 1176 2871723
348.5 1178 2875895
349 1180 2880067
349.5 1181 2884239
350 1183 2888413
350.5 1185 2892585
351 1187 2896757
351.5 1189 2900929
352 1190 2905101
352.5 1192 2909273
353 1194 2913445
353.5 1196 2917617
354 1197 2921789
354.5 1199 2925963
355 1201 2930135
355.5 1202 2934307
356 1204 2938479
356.5 1206 2942651
357 1208 2946823
357.5 1209 2950995
358 1211 2955167
358.5 1213 2959341
359 1215 2963513
359.5 1216 2967685
360 1218 2971857
360.5 1220 2976029
361 1221 2980201
361.5 1223 2984373
362 1225 2988545
362.5 1227 2992717
363 1228 2996891
363.5 1230 3001063
364 1232 3005235
364.5 1233 3009407
365 1235 3013579
365.5 1237 3017751
366 1238 3021923
366.5 1240 3026095
367 1242 3030267
367.5 1243 3034441
368 1245 3038613
368.5 1247 3042785
369 1248 3046957
369.5 1250 3051129
370 1252 3055301
370.5 1253 3059473
371 1255 3063645
371.5 1257 3067817
372 1258 3071991
372.5 1260 3076163
373 1262 3080335
373.5 1263 3084507
374 1265 3088679
374.5 1267 3092851
375 1268 3097023
375.5 1270 3101195
376 1272 3105369
376.5 1273 3109541
377 1275 3113713
377.5 1277 3117885
378 1278 3122057
378.5 1280 3126229
379 1281 3130401
379.5 1283 3134573
380 1285 3138745
380.5 1286 3142919
381 1288 3147091
381.5 645 3151263
382 720 3153851
382.5 786 3156775
383 857 3159969
383.5 933 3163439
384 1014 3167103
384.5 1101 3171095
385 1069 3175267
385.5 1160 3179437
386 1092 3183607
386.5 1113 3187779
387 1137 3191947
387.5 1069 3196119
388 1161 3200289
388.5 1115 3204459
389 1069 3208631
389.5 1137 3212801
390 1092 3216971
390.5 1113 3221143
391 1137 3225313
391.5 1069 3229485
392 1161 3233655
392.5 1115 3237823
393 1069 3241995
393.5 1137 3246165
394 1092 3250337
394.5 1113 3254507
395 1137 3258677
395.5 1069 3262849
396 1161 3267019
396.5 1115 3271189
397 1069 3275361
397.5 1137 3279531
398 1092 3283701
398.5 1113 3287871
399 1137 3292041
399.5 1069 3296213
400 1161 3300383
400.5 1115 3304553
401 1069 3308725
401.5 1137 3312895
402 1092 3317065
402.5 1113 3321237
403 1137 3325407
403.5 1069 3329579
404 1161 3333749
404.5 1115 3337917
405 1068 3342089
405.5 1137 3346259
406 1092 3350429
406.5 1113 3354601
407 1137 3358771
407.5 1069 3362943
408 1161 3367113
408.5 1115 3371283
409 1113 3375455
409.5 1137 3379625
410 1092 3383793
410.5 1113 3387965
411 1137 3392135
411.5 1069 3396307
412 1161 3400477
412.5 1115 3404647
413 1113 3408819
413.5 1137 3412989
414 1092 3417159
414.5 1113 3421331
415 1115 3425501
415.5 1069 3429673
416 1161 3433841
416.5 1115 3438011
417 1113 3442183
417.5 1137 3446353
418 1092 3450523
418.5 1113 3454695
419 1115 3458865
419.5 1069 3463037
420 1161 3467207
420.5 1115 3471377
421 1113 3475549
421.5 1137 3479717
422 1092 3483887
422.5 1113 3488059
423 1115 3492229
423.5 1069 3496401
424 1161 3500571
424.5 1114 3504741
425 1113 3508913
425.5 1137 3513083
426 1092 3517253
426.5 1113 3521425
427 1115 3525593
427.5 1069 3529767
428 1161 3533935
428.5 1114 3538105
429 1113 3542277
429.5 1137 3546447
430 1092 3550617
430.5 1113 3554789
431 1115 3558959
431.5 1069 3563131
432 1161 3567301
432.5 1114 3571469
433 1113 3575643
433.5 1137 3579811
434 1092 3583981
434.5 1161 3588153
435 1115 3592323
435.5 1069 3596495
436 1160 3600665
436.5 1092 3604835
437 1113 3609007
437.5 1137 3613177
438 1092 3617347
438.5 1161 3621519
439 1115 3625687
439.5 1069 3629859
440 1160 3634029
440.5 1092 3638199
441 1113 3642371
441.5 1137 3646541
442 1092 3650711
442.5 1161 3654883
443 1115 3659053
443.5 1069 3663225
444 1160 3667395
444.5 1092 3671563
445 1113 3675735
445.5 1137 3679905
446 1092 3684075
446.5 1161 3688247
447 1115 3692417
447.5 1069 3696589
448 1160 3700759
448.5 1092 3704929
449 1113 3709101
449.5 1137 3713271
450 1092 3717441
450.5 1161 3721611
451 1115 3725781
451.5 1069 3729953
452 1160 3734123
452.5 1092 3738293
453 1113 3742465
453.5 1137 3746635
454 1092 3750805
454.5 1161 3754977
455 1115 3759147
455.5 1069 3763319
456 1160 3767487
456.5 1092 3771657
457 1113 3775829
457.5 1137 3779999
458 1069 3784171
458.5 1161 3788341
459 1115 3792511
459.5 1069 3796683
460 1160 3800853
460.5 1092 3805023
461 1113 3809195
461.5 1137 3813363
462 1069 3817537
462.5 1161 3821705
463 1115 3825875
463.5 1068 3830047
464 1137 3834217
464.5 1092 3838387
465 1113 3842559
465.5 1137 3846729
466 1069 3850901
466.5 1161 3855071
467 1115 3859239
467.5 1068 3863413
468 1137 3867581
468.5 1092 3871751
469 1113 3875923
469.5 1137 3880093
470 1069 3884265
470.5 1161 3888435
471 1115 3892605
471.5 1068 3896777
472 1137 3900947
472.5 1092 3905117
473 1113 3909289
473.5 1137 3913457
474 1069 3917629
474.5 1161 3921799
475 1115 3925969
475.5 1068 3930141
476 1137 3934311
476.5 1092 3938481
477 1113 3942653
477.5 1137 3946823
478 1069 3950995
478.5 1161 3955165
479 1115 3959333
479.5 1113 3963505
480 1137 3967675
480.5 1092 3971845
481 1113 3976017
481.5 1137 3980187
482 1069 3984359
482.5 1161 3988529
483 1114 3992699
483.5 1113 3996871
484 1137 4001041
484.5 1092 4005211
485 1113 4009381
485.5 1115 4013551
486 1069 4017723
486.5 1161 4021893
487 1114 4026063
487.5 1113 4030235
488 1137 4034405
488.5 1092 4038575
489 1113 4042747
489.5 1115 4046917
490 1069 4051089
490.5 1161 4055259
491 1114 4059427
491.5 1113 4063599
492 1137 4067769
492.5 1092 4071939
493 1113 4076111
493.5 1115 4080281
494 1069 4084453
494.5 1161 4088623
495 1114 4092793
495.5 1113 4096965
496 1140 4101137
496.5 1098 4105309
497 1077 4109481
497.5 1146 4113653
498 1126 4117825
498.5 1106 4121997
499 1084 4126171
499.5 1153 4130343
500 1133 4134515
500.5 1113 4138687
501 1114 4142859
501.5 1162 4147031
502 1141 4151203
502.5 1120 4155375
503 1113 4159547
503.5 1112 4163721
504 1103 4167893
504.5 1105 4172065
505 1107 4176237
505.5 1109 4180409
506 1111 4184581
506.5 1112 4188753
507 1114 4192925
507.5 1116 4197097
508 1118 4201271
508.5 1120 4205443
509 1122 4209615
509.5 1124 4213787
510 1125 4217959
510.5 1127 4222131
511 1129 4226303
511.5 1131 4230475
512 1133 4234649
512.5 1135 4238821
513 1137 4242993
513.5 1138 4247165
514 1140 4251337
514.5 1142 4255509
515 1144 4259681
515.5 1146 4263853
516 1147 4268025
516.5 1149 4272199
517 1151 4276371
517.5 1153 4280543
518 1155 4284715
518.5 1157 4288887
519 1158 4293059
519.5 1160 4297231
520 1162 4301403
520.5 1164 4305575
521 1166 4309749
521.5 1167 4313921
522 1169 4318093
522.5 1171 4322265
523 1173 4326437
523.5 1174 4330609
524 1176 4334781
524.5 1178 4338953
525 1180 4343125
525.5 1182 4347299
526 1183 4351471
526.5 1185 4355643
527 1187 4359815
527.5 1189 4363987
528 1190 4368159
528.5 1192 4372331
529 1194 4376503
529.5 1196 4380677
530 1197 4384849
530.5 1199 4389021
531 1201 4393193
531.5 1203 4397365
532 1204 4401537
532.5 1206 4405709
533 1208 4409881
533.5 1209 4414053
534 1211 4418227
534.5 1213 4422399
535 1215 4426571
535.5 1216 4430743
536 1218 4434915
536.5 1220 4439087
537 1221 4443259
537.5 1223 4447431
538 1225 4451603
538.5 1227 4455777
539 1228 4459949
539.5 1230 4464121
540 1232 4468293
540.5 1233 4472465
541 1235 4476637
541.5 1237 4480809
542 1238 4484981
542.5 1240 4489155
543 1242 4493327
543.5 1243 4497499
544 1245 4501671
544.5 1247 4505843
545 1248 4510015
545.5 1250 4514187
546 1252 4518359
546.5 1253 4522531
547 1255 4526705
547.5 1257 4530877
548 1258 4535049
548.5 1260 4539221
549 1262 4543393
549.5 1263 4547565
550 1265 4551737
550.5 1267 4555909
551 1268 4560081
551.5 1270 4564255
552 1272 4568427
552.5 1273 4572599
553 1275 4576771
553.5 1277 4580943
554 1278 4585115
554.5 1280 4589287
555 1281 4593459
555.5 1283 4597631
556 1285 4601805
556.5 1286 4605977
557 1288 4610149
557.5 645 4614321
558 736 4616897
558.5 803 4619767
559 857 4622961
559.5 933 4626447
560 1014 4630161
560.5 1101 4634153
561 1069 4638325
561.5 1160 4642495
562 1092 4646665
562.5 1113 4650837
563 1137 4655007
563.5 1092 4659177
564 1161 4663347
564.5 1115 4667517
565 1069 4671689
565.5 1160 4675859
566 1092 4680031
566.5 1113 4684201
567 1137 4688371
567.5 1092 4692541
568 1161 4696713
568.5 1115 4700883
569 1069 4705055
569.5 1160 4709223
570 1092 4713395
570.5 1113 4717565
571 1137 4721735
571.5 1069 4725907
572 1161 4730077
572.5 1115 4734247
573 1069 4738419
573.5 1160 4742589
574 1092 4746759
574.5 1113 4750931
575 1137 4755099
575.5 1069 4759273
576 1161 4763441
576.5 1115 4767611
577 1069 4771783
577.5 1137 4775953
578 1092 4780125
578.5 1113 4784295
579 1137 4788465
579.5 1069 4792637
580 1161 4796807
580.5 1115 4800975
581 1069 4805149
581.5 1137 4809317
582 1092 4813487
582.5 1113 4817659
583 1137 4821829
583.5 1069 4826001
584 1161 4830171
584.5 1115 4834341
585 1069 4838513
585.5 1137 4842683
586 1092 4846853
586.5 1113 4851025
587 1137 4855193
587.5 1069 4859365
588 1161 4863535
588.5 1115 4867705
589 1068 4871877
589.5 1137 4876047
590 1092 4880217
590.5 1113 4884389
591 1137 4888559
591.5 1069 4892731
592 1161 4896901
592.5 1115 4901069
593 1068 4905241
593.5 1137 4909411
594 1092 4913581
594.5 1113 4917753
595 1137 4921923
595.5 1069 4926095
596 1161 4930265
596.5 1115 4934435
597 1113 4938607
597.5 1137 4942777
598 1092 4946947
598.5 1113 4951117
599 1137 4955287
599.5 1069 4959459
600 1161 4963629
600.5 1115 4967799
601 1113 4971971
601.5 1137 4976141
602 1092 4980311
602.5 1113 4984483
603 1115 4988653
603.5 1069 4992825
604 1161 4996993
604.5 1115 5001163
605 1113 5005335
605.5 1137 5009505
606 1092 5013675
606.5 1113 5017847
607 1115 5022017
607.5 1069 5026189
608 1161 5030359
608.5 1114 5034529
609 1113 5038701
609.5 1137 5042869
610 1092 5047039
610.5 1113 5051211
611 1115 5055381
611.5 1069 5059553
612 1161 5063723
612.5 1114 5067893
613 1113 5072065
613.5 1137 5076235
614 1092 5080405
614.5 1113 5084577
615 1115 5088745
615.5 1069 5092919
616 1161 5097087
616.5 1114 5101257
617 1113 5105429
617.5 1137 5109599
618 1092 5113769
618.5 1113 5117941
619 1115 5122111
619.5 1069 5126283
620 1161 5130453
620.5 1114 5134621
621 1113 5138795
621.5 1137 5142963
622 1092 5147133
622.5 1161 5151305
623 1115 5155475
623.5 1069 5159647
624 1160 5163817
624.5 1092 5167987
625 1113 5172159
625.5 1137 5176329
626 1092 5180499
626.5 1161 5184671
627 1115 5188839
627.5 1069 5193013
628 1160 5197181
628.5 1092 5201351
629 1113 5205523
629.5 1137 5209693
630 1092 5213863
630.5 1161 5218035
631 1115 5222205
631.5 1069 5226377
632 1160 5230547
632.5 1092 5234717
633 1113 5238889
633.5 1137 5243057
634 1092 5247227
634.5 1161 5251399
635 1115 5255569
635.5 1069 5259741
636 1160 5263911
636.5 1092 5268081
637 1113 5272253
637.5 1137 5276423
638 1092 5280593
638.5 1161 5284765
639 1115 5288933
639.5 1069 5293105
640 1160 5297275
640.5 1092 5301445
641 1113 5305617
641.5 1137 5309787
642 1092 5313957
642.5 1161 5318129
643 1115 5322299
643.5 1069 5326471
644 1160 5330641
644.5 1092 5334809
645 1113 5338981
645.5 1137 5343151
646 1069 5347323
646.5 1161 5351493
647 1115 5355663
647.5 1069 5359835
648 1160 5364005
648.5 1092 5368175
649 1113 5372347
649.5 1137 5376517
650 1069 5380689
650.5 1161 5384857
651 1115 5389027
651.5 1068 5393199
652 1137 5397369
652.5 1092 5401539
653 1113 5405711
653.5 1137 5409881
654 1069 5414053
654.5 1161 5418223
655 1115 5422393
655.5 1068 5426565
656 1137 5430733
656.5 1092 5434903
657 1113 5439075
657.5 1137 5443245
658 1069 5447417
658.5 1161 5451587
659 1115 5455757
659.5 1068 5459929
660 1137 5464099
660.5 1092 5468269
661 1113 5472441
661.5 1137 5476609
662 1069 5480783
662.5 1161 5484951
663 1115 5489121
663.5 1068 5493293
664 1137 5497463
664.5 1092 5501633
665 1113 5505805
665.5 1137 5509975
666 1069 5514147
666.5 1161 5518317
667 1115 5522485
667.5 1113 5526659
668 1137 5530827
668.5 1092 5534997
669 1113 5539169
669.5 1137 5543339
670 1069 5547511
670.5 1161 5551681
671 1114 5555851
671.5 1113 5560023
672 1140 5564195
672.5 1098 5568367
673 1077 5572539
673.5 1146 5576711
674 1126 5580883
674.5 1106 5585057
675 1084 5589229
675.5 1153 5593401
676 1133 5597573
676.5 1113 5601745
677 1092 5605917
677.5 1162 5610089
678 1141 5614261
678.5 1120 5618433
679 1113 5622607
679.5 1112 5626779
680 1103 5630951
680.5 1105 5635123
681 1107 5639295
681.5 1109 5643467
682 1111 5647639
682.5 1112 5651811
683 1114 5655985
683.5 1116 5660157
684 1118 5664329
684.5 1120 5668501
685 1122 5672673
685.5 1124 5676845
686 1126 5681017
686.5 1127 5685189
687 1129 5689361
687.5 1131 5693535
688 1133 5697707
688.5 1135 5701879
689 1137 5706051
689.5 1138 5710223
690 1140 5714395
690.5 1142 5718567
691 1144 5722739
691.5 1146 5726911
692 1148 5731085
692.5 1149 5735257
693 1151 5739429
693.5 1153 5743601
694 1155 5747773
694.5 1157 5751945
695 1158 5756117
695.5 1160 5760289
696 1162 5764461
696.5 1164 5768635
697 1166 5772807
697.5 1167 5776979
698 1169 5781151
698.5 1171 5785323
699 1173 5789495
699.5 1175 5793667
700 1176 5797839
700.5 1178 5802013
701 1180 5806185
701.5 1182 5810357
702 1183 5814529
702.5 1185 5818701
703 1187 5822873
703.5 1189 5827045
704 1190 5831217
704.5 1192 5835389
705 1194 5839563
705.5 1196 5843735
706 1197 5847907
706.5 1199 5852079
707 1201 5856251
707.5 1203 5860423
708 1204 5864595
708.5 1206 5868767
709 1208 5872939
709.5 1210 5877113
710 1211 5881285
710.5 1213 5885457
711 1215 5889629
711.5 1216 5893801
712 1218 5897973
712.5 1220 5902145
713 1222 5906317
713.5 1223 5910491
714 1225 5914663
714.5 1227 5918835
715 1228 5923007
715.5 1230 5927179
716 1232 5931351
716.5 1233 5935523
717 1235 5939695
717.5 1237 5943867
718 1238 5948041
718.5 1240 5952213
719 1242 5956385
719.5 1244 5960557
720 1245 5964729
720.5 1247 5968901
721 1249 5973073
721.5 1250 5977245
722 1252 5981417
722.5 1254 5985591
723 1255 5989763
723.5 1257 5993935
724 1259 5998107
724.5 1260 6002279
725 1262 6006451
725.5 1263 6010623
726 1265 6014795
726.5 1267 6018967
727 1268 6023141
727.5 1270 6027313
728 1272 6031485
728.5 1273 6035657
729 1275 6039829
729.5 1277 6044001
730 1278 6048173
730.5 1280 6052345
731 1282 6056519
731.5 1283 6060691
732 1285 6064863
732.5 1286 6069035
733 1288 6073207
733.5 645 6077313
734 737 6079955
734.5 803 6082827
735 875 6085967
735.5 933 6089437
736 1014 6093219
736.5 1101 6097211
737 1069 6101383
737.5 1161 6105553
738 1092 6109723
738.5 1113 6113895
739 1137 6118065
739.5 1092 6122235
740 1161 6126407
740.5 1115 6130575
741 1069 6134747
741.5 1161 6138917
742 1092 6143089
742.5 1113 6147259
743 1137 6151429
743.5 1092 6155599
744 1161 6159771
744.5 1115 6163941
745 1069 6168113
745.5 1161 6172283
746 1092 6176453
746.5 1113 6180625
747 1137 6184793
747.5 1092 6188965
748 1161 6193135
748.5 1115 6197305
749 1069 6201477
749.5 1160 6205647
750 1092 6209817
750.5 1113 6213989
751 1137 6218159
751.5 1092 6222329
752 1161 6226501
752.5 1115 6230669
753 1069 6234841
753.5 1160 6239011
754 1092 6243183
754.5 1113 6247353
755 1137 6251523
755.5 1092 6255693
756 1161 6259865
756.5 1115 6264035
757 1069 6268207
757.5 1160 6272377
758 1092 6276545
758.5 1113 6280717
759 1137 6284887
759.5 1069 6289059
760 1161 6293229
760.5 1115 6297399
761 1069 6301571
761.5 1160 6305741
762 1092 6309911
762.5 1113 6314083
763 1137 6318253
763.5 1069 6322425
764 1161 6326593
764.5 1115 6330763
765 1069 6334935
765.5 1137 6339105
766 1092 6343275
766.5 1113 6347447
767 1137 6351617
767.5 1069 6355789
768 1161 6359959
768.5 1115 6364129
769 1069 6368301
769.5 1137 6372469
770 1092 6376639
770.5 1113 6380811
771 1137 6384981
771.5 1069 6389153
772 1161 6393323
772.5 1115 6397493
773 1069 6401665
773.5 1137 6405835
774 1092 6410005
774.5 1113 6414177
775 1137 6418345
775.5 1069 6422519
776 1161 6426687
776.5 1115 6430857
777 1068 6435029
777.5 1137 6439199
778 1092 6443369
778.5 1113 6447541
779 1137 6451711
779.5 1069 6455883
780 1161 6460053
780.5 1115 6464221
781 1068 6468395
781.5 1137 6472563
782 1092 6476733
782.5 1113 6480905
783 1137 6485075
783.5 1069 6489247
784 1161 6493417
784.5 1115 6497587
785 1113 6501759
785.5 1137 6505929
786 1092 6510099
786.5 1113 6514271
787 1137 6518439
787.5 1069 6522611
788 1161 6526781
788.5 1115 6530951
789 1113 6535123
789.5 1137 6539293
790 1092 6543463
790.5 1113 6547635
791 1115 6551805
791.5 1069 6555977
792 1161 6560147
792.5 1115 6564315
793 1113 6568487
793.5 1137 6572657
794 1092 6576827
794.5 1113 6580999
795 1115 6585169
795.5 1069 6589341
796 1161 6593511
796.5 1114 6597681
797 1113 6601853
797.5 1137 6606023
798 1092 6610193
798.5 1113 6614363
799 1115 6618533
799.5 1069 6622705
800 1161 6626875
800.5 1114 6631045
801 1113 6635217
801.5 1137 6639387
802 1092 6643557
802.5 1113 6647729
803 1115 6651899
803.5 1069 6656071
804 1161 6660239
804.5 1114 6664409
805 1113 6668581
805.5 1137 6672751
806 1092 6676921
806.5 1113 6681093
807 1115 6685263
807.5 1069 6689435
808 1160 6693605
808.5 1114 6697775
809 1113 6701947
809.5 1137 6706115
810 1092 6710285
810.5 1161 6714457
811 1115 6718627
811.5 1069 6722799
812 1160 6726969
812.5 1092 6731139
813 1113 6735311
813.5 1137 6739481
814 1092 6743651
814.5 1161 6747823
815 1115 6751991
815.5 1069 6756165
816 1160 6760333
816.5 1092 6764503
817 1113 6768675
817.5 1137 6772845
818 1092 6777015
818.5 1161 6781187
819 1115 6785357
819.5 1069 6789529
820 1160 6793699
820.5 1092 6797869
821 1113 6802041
821.5 1137 6806209
822 1092 6810379
822.5 1161 6814551
823 1115 6818721
823.5 1069 6822893
824 1160 6827063
824.5 1092 6831233
825 1113 6835405
825.5 1137 6839575
826 1092 6843745
826.5 1161 6847917
827 1115 6852085
827.5 1069 6856257
828 1160 6860427
828.5 1092 6864597
829 1113 6868769
829.5 1137 6872939
830 1092 6877109
830.5 1161 6881281
831 1115 6885451
831.5 1069 6889623
832 1160 6893793
832.5 1092 6897963
833 1113 6902133
833.5 1137 6906303
834 1069 6910475
834.5 1161 6914645
835 1115 6918815
835.5 1068 6922987
836 1160 6927157
836.5 1092 6931327
837 1113 6935499
837.5 1137 6939669
838 1069 6943841
838.5 1161 6948011
839 1115 6952179
839.5 1068 6956351
840 1137 6960521
840.5 1092 6964691
841 1113 6968863
841.5 1137 6973033
842 1069 6977205
842.5 1161 6981375
843 1115 6985545
843.5 1068 6989717
844 1137 6993887
844.5 1092 6998055
845 1113 7002227
845.5 1137 7006397
846 1069 7010569
846.5 1161 7014739
847 1115 7018909
847.5 1071 7023081
848 1140 7027253
848.5 1098 7031425
849 1077 7035597
849.5 1112 7039769
850 1126 7043943
850.5 1106 7048115
851 1085 7052287
851.5 1111 7056459
852 1133 7060631
852.5 1113 7064803
853 1092 7068975
853.5 1162 7073147
854 1141 7077321
854.5 1121 7081493
855 1099 7085665
855.5 1112 7089837
856 1103 7094009
856.5 1105 7098181
857 1107 7102353
857.5 1109 7106525
858 1111 7110697
858.5 1113 7114871
859 1114 7119043
859.5 1116 7123215
860 1118 7127387
860.5 1120 7131559
861 1122 7135731
861.5 1124 7139903
862 1126 7144075
862.5 1127 7148247
863 1129 7152421
863.5 1131 7156593
864 1133 7160765
864.5 1135 7164937
865 1137 7169109
865.5 1138 7173281
866 1140 7177453
866.5 1142 7181625
867 1144 7185797
867.5 1146 7189971
868 1148 7194143
868.5 1149 7198315
869 1151 7202487
869.5 1153 7206659
870 1155 7210831
870.5 1157 7215003
871 1158 7219175
871.5 1160 7223349
872 1162 7227521
872.5 1164 7231693
873 1166 7235865
873.5 1167 7240037
874 1169 7244209
874.5 1171 7248381
875 1173 7252553
875.5 1175 7256725
876 1176 7260899
876.5 1178 7265071
877 1180 7269243
877.5 1182 7273415
878 1183 7277587
878.5 1185 7281759
879 1187 7285931
879.5 1189 7290103
880 1190 7294275
880.5 1192 7298449
881 1194 7302621
881.5 1196 7306793
882 1197 7310965
882.5 1199 7315137
883 1201 7319309
883.5 1203 7323481
884 1204 7327653
884.5 1206 7331827
885 1208 7335999
885.5 1210 7340171
886 1211 7344343
886.5 1213 7348515
887 1215 7352687
887.5 1216 7356859
888 1218 7361031
888.5 1220 7365203
889 1222 7369377
889.5 1223 7373549
890 1225 7377721
890.5 1227 7381893
891 1228 7386065
891.5 1230 7390237
892 1232 7394409
892.5 1233 7398581
893 1235 7402753
893.5 1237 7406927
894 1239 7411099
894.5 1240 7415271
895 1242 7419443
895.5 1244 7423615
896 1245 7427787
896.5 1247 7431959
897 1249 7436131
897.5 1250 7440303
898 1252 7444477
898.5 1254 7448649
899 1255 7452821
899.5 1257 7456993
