0 -23168
0.5 162176
1 1019392
1.5 5235968
2 26411520
2.5 53494912
3 72562176
3.5 85026560
4 88455424
4.5 92069632
5 95730176
5.5 96656896
6 96656896
6.5 96656896
7 96656896
7.5 96656896
8 77056768
8.5 90586880
9 96656896
9.5 96656896
10 96656896
10.5 75203328
11 92440320
11.5 96656896
12 96656896
12.5 96656896
13 74739968
13.5 92903680
14 96656896
14.5 96656896
15 96656896
15.5 73813248
16 93830400
16.5 96656896
17 96656896
17.5 96656896
18 72515840
18.5 95127808
19 96656896
19.5 96656896
20 91559936
20.5 76315392
21 96425216
21.5 96656896
22 96656896
22.5 86370304
23 81273344
23.5 96656896
24 96656896
24.5 96703232
25 81134336
25.5 86462976
26 96656896
26.5 96703232
27 96656896
27.5 75944704
28 91652608
28.5 96656896
29 96703232
29.5 96656896
30 70755072
30.5 96842240
31 96703232
31.5 96656896
32 96656896
32.5 67951744
33 99691904
33.5 96656896
34 96656896
34.5 96656896
35 72307328
35.5 95336320
36 96656896
36.5 96656896
37 96656896
37.5 74276608
38 93367040
38.5 96656896
39 96656896
39.5 96656896
40 73859584
40.5 93784064
41 96656896
41.5 96656896
42 96656896
42.5 73442560
43 94201088
43.5 96656896
44 96656896
44.5 96656896
45 85628928
45.5 82014720
46 96656896
46.5 96656896
47 96656896
47.5 83821824
48 83821824
48.5 96656896
49 96656896
49.5 96656896
50 81227008
50.5 86416640
51 96656896
51.5 96656896
52 96656896
52.5 78632192
53 89011456
53.5 96656896
54 96656896
54.5 96656896
55 76037376
55.5 91606272
56 96656896
56.5 96656896
57 96703232
57.5 74693632
58 92903680
58.5 96656896
59 96703232
59.5 96656896
60 74600960
60.5 92996352
61 96703232
61.5 96656896
62 96656896
62.5 73303552
63 94293760
63.5 96703232
64 96656896
64.5 94710784
65 73952256
65.5 95637504
66 96656896
66.5 96656896
67 89521152
67.5 78122496
68 96656896
68.5 96656896
69 96656896
69.5 84331520
70 83312128
70.5 96656896
71 96656896
71.5 96656896
72 79141888
72.5 88501760
73 96656896
73.5 96656896
74 96656896
74.5 73952256
75 93691392
75.5 96656896
76 96656896
76.5 96656896
77 68762624
77.5 98881024
78 96656896
78.5 96656896
79 96656896
79.5 70731904
80 96911744
80.5 96656896
81 96656896
81.5 96656896
82 72701184
82.5 94942464
83 96656896
83.5 96656896
84 96656896
84.5 72284160
85 95359488
85.5 96656896
86 96656896
86.5 96656896
87 74253440
87.5 93390208
88 96656896
88.5 96656896
89 96656896
89.5 87250688
90 80392960
90.5 96656896
91 96656896
91.5 96703232
92 85026560
92.5 82570752
93 96656896
93.5 96703232
94 96656896
94.5 82802432
95 84794880
95.5 96656896
96 96703232
96.5 96656896
97 80207616
97.5 87389696
98 96703232
98.5 96656896
99 96656896
99.5 77612800
100 90030848
100.5 96656896
101 96656896
101.5 96656896
102 75481344
102.5 92162304
103 96656896
103.5 96656896
104 96656896
104.5 74739968
105 92903680
105.5 96656896
106 96656896
106.5 96656896
107 74091264
107.5 93552384
108 96656896
108.5 96656896
109 96656896
109.5 72793856
110 94849792
110.5 96656896
111 96656896
111.5 92718336
112 75435008
112.5 96147200
113 96656896
113.5 96656896
114 87528704
114.5 80114944
115 96656896
115.5 96656896
116 96656896
116.5 82339072
117 85304576
117.5 96656896
118 96656896
118.5 96656896
119 77149440
119.5 90494208
120 96656896
120.5 96656896
121 96656896
121.5 71959808
122 95683840
122.5 96656896
123 96656896
123.5 96656896
124 69156480
124.5 98487168
125 96656896
125.5 96656896
126 96703232
126.5 73465728
127 94131584
127.5 96656896
128 96656896
128.5 96703232
129 73048704
129.5 94548608
130 96656896
130.5 96703232
131 96656896
131.5 72631680
132 94965632
132.5 96703232
133 96656896
133.5 96656896
134 72214656
134.5 95382656
135 96703232
135.5 96656896
136 96656896
136.5 86184960
137 81458688
137.5 96656896
138 96656896
138.5 96656896
139 84424192
139.5 83219456
140 96656896
140.5 96656896
141 96656896
141.5 81829376
142 85814272
142.5 96656896
143 96656896
143.5 96656896
144 79234560
144.5 88409088
145 96656896
145.5 96656896
146 96656896
146.5 76639744
147 91003904
147.5 96656896
148 96656896
148.5 96656896
149 75017984
149.5 92625664
150 96656896
150.5 96656896
151 96656896
151.5 74739968
152 92903680
152.5 96656896
153 96656896
153.5 96656896
154 73581568
154.5 94062080
155 96656896
155.5 96656896
156 95915520
156.5 73071872
157 95313152
157.5 96656896
158 96656896
158.5 90725888
159 76964096
159.5 96610560
160 96656896
160.5 96656896
161 85536256
161.5 82107392
162 96656896
162.5 96656896
163 96703232
163.5 80300288
164 87297024
164.5 96656896
165 96703232
165.5 96656896
166 75110656
166.5 92486656
167 96656896
167.5 96703232
168 96656896
168.5 69921024
169 97676288
169.5 96703232
170 96656896
170.5 96656896
171 69504000
171.5 98139648
172 96656896
172.5 96656896
173 96656896
173.5 73859584
174 93784064
174.5 96656896
175 96656896
175.5 96656896
176 73442560
176.5 94201088
177 96656896
177.5 96656896
178 96656896
178.5 73025536
179 94618112
179.5 96656896
180 96656896
180.5 96656896
181 72608512
181.5 95035136
182 96656896
182.5 96656896
183 96656896
183.5 85211904
184 82431744
184.5 96656896
185 96656896
185.5 96656896
186 83404800
186.5 84238848
187 96656896
187.5 96656896
188 96656896
188.5 80809984
189 86833664
189.5 96656896
190 96656896
190.5 96656896
191 78215168
191.5 89428480
192 96656896
192.5 96656896
193 96656896
193.5 75805696
194 91837952
194.5 96656896
195 96656896
195.5 96703232
196 74693632
196.5 92903680
197 96656896
197.5 96703232
198 96656896
198.5 74369280
199 93228032
199.5 96656896
200 96703232
200.5 96656896
201 73071872
201.5 94525440
202 96703232
202.5 96656896
203 93876736
203.5 74554624
204 95869184
204.5 96656896
205 96656896
205.5 88687104
206 78910208
206.5 96703232
207 96656896
207.5 96656896
208 83497472
208.5 84146176
209 96656896
209.5 96656896
210 96656896
210.5 78307840
211 89335808
211.5 96656896
212 96656896
212.5 96656896
213 73118208
213.5 94525440
214 96656896
214.5 96656896
215 96656896
215.5 67928576
216 99715072
216.5 96656896
217 96656896
217.5 96656896
218 72284160
218.5 95359488
219 96656896
219.5 96656896
220 96656896
220.5 74253440
221 93390208
221.5 96656896
222 96656896
222.5 96656896
223 73836416
223.5 93807232
224 96656896
224.5 96656896
225 96656896
225.5 73419392
226 94224256
226.5 96656896
227 96656896
227.5 96656896
228 86833664
228.5 80809984
229 96656896
229.5 96656896
230 96703232
230.5 84980224
231 82617088
231.5 96656896
232 96656896
232.5 96703232
233 82385408
233.5 85211904
234 96656896
234.5 96703232
235 96656896
235.5 79790592
236 87806720
236.5 96703232
237 96656896
237.5 96656896
238 77195776
238.5 90401536
239 96703232
239.5 96656896
240 96656896
240.5 75296000
241 92347648
241.5 96656896
242 96656896
242.5 96656896
243 74739968
243.5 92903680
244 96656896
244.5 96656896
245 96656896
245.5 73905920
246 93737728
246.5 96656896
247 96656896
247.5 96656896
248 72608512
248.5 95035136
249 96656896
249.5 96656896
250 91884288
250.5 76083712
251 96332544
251.5 96656896
252 96656896
252.5 86694656
253 80948992
253.5 96656896
254 96656896
254.5 96656896
255 81505024
255.5 86138624
256 96656896
256.5 96656896
257 96656896
257.5 76315392
258 91328256
258.5 96656896
259 96656896
259.5 96656896
260 71125760
260.5 96517888
261 96656896
261.5 96656896
262 96656896
262.5 68322432
263 99321216
263.5 96656896
264 96656896
264.5 96656896
265 72678016
265.5 94965632
266 96656896
266.5 96656896
267 96703232
267.5 72214656
268 95382656
268.5 96656896
269 96703232
269.5 96656896
270 74183936
270.5 93413376
271 96656896
271.5 96703232
272 96656896
272.5 73766912
273 93830400
273.5 96703232
274 96656896
274.5 96656896
275 85767936
275.5 81875712
276 96656896
276.5 96656896
277 96656896
277.5 84007168
278 83636480
278.5 96656896
279 96656896
279.5 96656896
280 81412352
280.5 86231296
281 96656896
281.5 96656896
282 96656896
282.5 78817536
283 88826112
283.5 96656896
284 96656896
284.5 96656896
285 76222720
285.5 91420928
286 96656896
286.5 96656896
287 96656896
287.5 74786304
288 92857344
288.5 96656896
289 96656896
289.5 96656896
290 74693632
290.5 92950016
291 96656896
291.5 96656896
292 96656896
292.5 73396224
293 94247424
293.5 96656896
294 96656896
294.5 95081472
295 73674240
295.5 95544832
296 96656896
296.5 96656896
297 89891840
297.5 77751808
298 96656896
298.5 96656896
299 96656896
299.5 84702208
300 82941440
300.5 96656896
301 96656896
301.5 96703232
302 79466240
302.5 88131072
303 96656896
303.5 96656896
304 96703232
304.5 74276608
305 93320704
305.5 96656896
306 96703232
306.5 96656896
307 69086976
307.5 98510336
308 96703232
308.5 96656896
309 96656896
309.5 71056256
310 96541056
310.5 96703232
311 96656896
311.5 96656896
312 73025536
312.5 94618112
313 96656896
313.5 96656896
314 96656896
314.5 72608512
315 95035136
315.5 96656896
316 96656896
316.5 96656896
317 72191488
317.5 95452160
318 96656896
318.5 96656896
319 96656896
319.5 87389696
320 80253952
320.5 96656896
321 96656896
321.5 96656896
322 85072896
322.5 82570752
323 96656896
323.5 96656896
324 96656896
324.5 82987776
325 84655872
325.5 96656896
326 96656896
326.5 96656896
327 80392960
327.5 87250688
328 96656896
328.5 96656896
329 96656896
329.5 77798144
330 89845504
330.5 96656896
331 96656896
331.5 96656896
332 75620352
332.5 92023296
333 96656896
333.5 96656896
334 96703232
334.5 74693632
335 92903680
335.5 96656896
336 96656896
336.5 96703232
337 74183936
337.5 93413376
338 96656896
338.5 96703232
339 96656896
339.5 72886528
340 94710784
340.5 96703232
341 96656896
341.5 93042688
342 75203328
342.5 96008192
343 96703232
343.5 96656896
344 87853056
344.5 79744256
345 96703232
345.5 96656896
346 96656896
346.5 82663424
347 84980224
347.5 96656896
348 96656896
348.5 96656896
349 77473792
349.5 90169856
350 96656896
350.5 96656896
351 96656896
351.5 72284160
352 95359488
352.5 96656896
353 96656896
353.5 96656896
354 67094528
354.5 100549120
355 96656896
355.5 96656896
356 96656896
356.5 73836416
357 93807232
357.5 96656896
358 96656896
358.5 96656896
359 73419392
359.5 94224256
360 96656896
360.5 96656896
361 96656896
361.5 73002368
362 94641280
362.5 96656896
363 96656896
363.5 96656896
364 72585344
364.5 95058304
365 96656896
365.5 96656896
366 96656896
366.5 86416640
367 81227008
367.5 96656896
368 96656896
368.5 96656896
369 84609536
369.5 83034112
370 96656896
370.5 96656896
371 96703232
371.5 81968384
372 85628928
372.5 96656896
373 96703232
373.5 96656896
374 79373568
374.5 88223744
375 96656896
375.5 96703232
376 96656896
376.5 76778752
377 90818560
377.5 96703232
378 96656896
378.5 96656896
379 75064320
379.5 92579328
380 96656896
380.5 96656896
381 96656896
381.5 74739968
382 92903680
382.5 96656896
383 96656896
383.5 96656896
384 73674240
384.5 93969408
385 96656896
385.5 96656896
386 96239872
386.5 72793856
387 95266816
387.5 96656896
388 96656896
388.5 91050240
389 76686080
389.5 96564224
390 96656896
390.5 96656896
391 85860608
391.5 81783040
392 96656896
392.5 96656896
393 96656896
393.5 80670976
394 86972672
394.5 96656896
395 96656896
395.5 96656896
396 75481344
396.5 92162304
397 96656896
397.5 96656896
398 96656896
398.5 70291712
399 97351936
399.5 96656896
400 96656896
400.5 96656896
401 69874688
401.5 97768960
402 96656896
402.5 96656896
403 96656896
403.5 74230272
404 93413376
404.5 96656896
405 96656896
405.5 96703232
406 73766912
406.5 93830400
407 96656896
407.5 96656896
408 96703232
408.5 73349888
409 94247424
409.5 96656896
410 96703232
410.5 96656896
411 72932864
411.5 94664448
412 96703232
412.5 96656896
413 96656896
413.5 85350912
414 82246400
414.5 96703232
415 96656896
415.5 96656896
416 83590144
416.5 84053504
417 96656896
417.5 96656896
418 96656896
418.5 80995328
419 86648320
419.5 96656896
420 96656896
420.5 96656896
421 78400512
421.5 89243136
422 96656896
422.5 96656896
423 96656896
423.5 75898368
424 91745280
424.5 96656896
425 96656896
425.5 96656896
426 74739968
426.5 92903680
427 96656896
427.5 96656896
428 96656896
428.5 74461952
429 93181696
429.5 96656896
430 96656896
430.5 96656896
431 73164544
431.5 94479104
432 96656896
432.5 96656896
433 94247424
433.5 74276608
434 95776512
434.5 96656896
435 96656896
435.5 89057792
436 78585856
436.5 96656896
437 96656896
437.5 96656896
438 83868160
438.5 83775488
439 96656896
439.5 96656896
440 96656896
440.5 78678528
441 88965120
441.5 96656896
442 96656896
442.5 96703232
443 73442560
443.5 94154752
444 96656896
444.5 96703232
445 96656896
445.5 68252928
446 99344384
446.5 96656896
447 96703232
447.5 96656896
448 72608512
448.5 94988800
449 96703232
449.5 96656896
450 96656896
450.5 72191488
451 95452160
451.5 96656896
452 96656896
452.5 96656896
453 74160768
453.5 93482880
454 96656896
454.5 96656896
455 96656896
455.5 73743744
456 93899904
456.5 96656896
457 96656896
457.5 96656896
458 86972672
458.5 80670976
459 96656896
459.5 96656896
460 96656896
460.5 85072896
461 82570752
461.5 96656896
462 96656896
462.5 96656896
463 82570752
463.5 85072896
464 96656896
464.5 96656896
465 96656896
465.5 79975936
466 87667712
466.5 96656896
467 96656896
467.5 96656896
468 77381120
468.5 90262528
469 96656896
469.5 96656896
470 96656896
470.5 75388672
471 92254976
471.5 96656896
472 96656896
472.5 96656896
473 74739968
473.5 92903680
474 96656896
474.5 96656896
475 96703232
475.5 73952256
476 93645056
476.5 96656896
477 96703232
477.5 96656896
478 72654848
478.5 94942464
479 96656896
479.5 96703232
480 92208640
480.5 75805696
481 96239872
481.5 96703232
482 96656896
482.5 87019008
483 80578304
483.5 96703232
484 96656896
484.5 96656896
485 81829376
485.5 85767936
486 96703232
486.5 96656896
487 96656896
487.5 76639744
488 91003904
488.5 96656896
489 96656896
489.5 96656896
490 71450112
490.5 96193536
491 96656896
491.5 96656896
492 96656896
492.5 68646784
493 98996864
493.5 96656896
494 96656896
494.5 96656896
495 73002368
495.5 94641280
496 96656896
496.5 96656896
497 96656896
497.5 72585344
498 95058304
498.5 96656896
499 96656896
499.5 96656896
500 72168320
500.5 95475328
501 96656896
501.5 96656896
502 96656896
502.5 74137600
503 93506048
503.5 96656896
504 96656896
504.5 96656896
505 85999616
505.5 81644032
506 96656896
506.5 96656896
507 96656896
507.5 84192512
508 83451136
508.5 96656896
509 96656896
509.5 96703232
510 81551360
510.5 86045952
511 96656896
511.5 96656896
512 96703232
512.5 78956544
513 88640768
513.5 96656896
514 96703232
514.5 96656896
515 76361728
515.5 91235584
516 96703232
516.5 96656896
517 96656896
517.5 74878976
518 92718336
518.5 96703232
519 96656896
519.5 96656896
520 74739968
520.5 92903680
521 96656896
521.5 96656896
522 96656896
522.5 73488896
523 94154752
523.5 96656896
524 96656896
524.5 95405824
525 73442560
525.5 95452160
526 96656896
526.5 96656896
527 90216192
527.5 77427456
528 96656896
528.5 96656896
529 96656896
529.5 85026560
530 82617088
530.5 96656896
531 96656896
531.5 96656896
532 79836928
532.5 87806720
533 96656896
533.5 96656896
534 96656896
534.5 74647296
535 92996352
535.5 96656896
536 96656896
536.5 96656896
537 69457664
537.5 98185984
538 96656896
538.5 96656896
539 96656896
539.5 71426944
540 96216704
540.5 96656896
541 96656896
541.5 96656896
542 73396224
542.5 94247424
543 96656896
543.5 96656896
544 96656896
544.5 72979200
545 94664448
545.5 96656896
546 96656896
546.5 96703232
547 72515840
547.5 95081472
548 96656896
548.5 96703232
549 96656896
549.5 72098816
550 95498496
550.5 96656896
551 96703232
551.5 96656896
552 85072896
552.5 82524416
553 96703232
553.5 96656896
554 96656896
554.5 83173120
555 84470528
555.5 96656896
556 96656896
556.5 96656896
557 80578304
557.5 87065344
558 96656896
558.5 96656896
559 96656896
559.5 77983488
560 89660160
560.5 96656896
561 96656896
561.5 96656896
562 75666688
562.5 91976960
563 96656896
563.5 96656896
564 96656896
564.5 74739968
565 92903680
565.5 96656896
566 96656896
566.5 96656896
567 74276608
567.5 93367040
568 96656896
568.5 96656896
569 96656896
569.5 72979200
570 94664448
570.5 96656896
571 96656896
571.5 93413376
572 74925312
572.5 95961856
573 96656896
573.5 96656896
574 88223744
574.5 79419904
575 96656896
575.5 96656896
576 96656896
576.5 83034112
577 84609536
577.5 96656896
578 96656896
578.5 96656896
579 77844480
579.5 89799168
580 96656896
580.5 96656896
581 96703232
581.5 72608512
582 94988800
582.5 96656896
583 96656896
583.5 96703232
584 67418880
584.5 100178432
585 96656896
585.5 96703232
586 96656896
586.5 71774464
587 95822848
587.5 96703232
588 96656896
588.5 96656896
589 73743744
589.5 93853568
590 96703232
590.5 96656896
591 96656896
591.5 73326720
592 94316928
592.5 96656896
593 96656896
593.5 96656896
594 72909696
594.5 94733952
595 96656896
595.5 96656896
596 96656896
596.5 86555648
597 81088000
597.5 96656896
598 96656896
598.5 96656896
599 84748544
599.5 82895104
600 96656896
600.5 96656896
601 96656896
601.5 82153728
602 85489920
602.5 96656896
603 96656896
603.5 96656896
604 79558912
604.5 88084736
605 96656896
605.5 96656896
606 96656896
606.5 76964096
607 90679552
607.5 96656896
608 96656896
608.5 96656896
609 75203328
609.5 92440320
610 96656896
610.5 96656896
611 96656896
611.5 74739968
612 92903680
612.5 96656896
613 96656896
613.5 96703232
614 73766912
614.5 93830400
615 96656896
615.5 96656896
616 96610560
616.5 72562176
617 95127808
617.5 96656896
618 96703232
618.5 91374592
619 76454400
619.5 96425216
620 96703232
620.5 96656896
621 86184960
621.5 81412352
622 96656896
622.5 96703232
623 96656896
623.5 80995328
624 86601984
624.5 96703232
625 96656896
625.5 96656896
626 75805696
626.5 91837952
627 96656896
627.5 96656896
628 96656896
628.5 70616064
629 97027584
629.5 96656896
630 96656896
630.5 96656896
631 70199040
631.5 97444608
632 96656896
632.5 96656896
633 96656896
633.5 72168320
634 95475328
634.5 96656896
635 96656896
635.5 96656896
636 74137600
636.5 93506048
637 96656896
637.5 96656896
638 96656896
638.5 73720576
639 93923072
639.5 96656896
640 96656896
640.5 96656896
641 73303552
641.5 94340096
642 96656896
642.5 96656896
643 96656896
643.5 85582592
644 82061056
644.5 96656896
645 96656896
645.5 96656896
646 83775488
646.5 83868160
647 96656896
647.5 96656896
648 96656896
648.5 81180672
649 86462976
649.5 96656896
650 96656896
650.5 96703232
651 78539520
651.5 89057792
652 96656896
652.5 96703232
653 96656896
653.5 75944704
654 91652608
654.5 96656896
655 96703232
655.5 96656896
656 74739968
656.5 92857344
657 96703232
657.5 96656896
658 96656896
658.5 74554624
659 93089024
659.5 96656896
660 96656896
660.5 96656896
661 73257216
661.5 94386432
662 96656896
662.5 96656896
663 94571776
663.5 74044928
664 95683840
664.5 96656896
665 96656896
665.5 89382144
666 78261504
666.5 96656896
667 96656896
667.5 96656896
668 84192512
668.5 83451136
669 96656896
669.5 96656896
670 96656896
670.5 79002880
671 88640768
671.5 96656896
672 96656896
672.5 96656896
673 73813248
673.5 93830400
674 96656896
674.5 96656896
675 96656896
675.5 68623616
676 99020032
676.5 96656896
677 96656896
677.5 96656896
678 70592896
678.5 97050752
679 96656896
679.5 96656896
680 96656896
680.5 72562176
681 95081472
681.5 96656896
682 96656896
682.5 96656896
683 72145152
683.5 95498496
684 96656896
684.5 96656896
685 96703232
685.5 74068096
686 93529216
686.5 96656896
687 96656896
687.5 96703232
688 87111680
688.5 80485632
689 96656896
689.5 96703232
690 96656896
690.5 85072896
691 82524416
691.5 96703232
692 96656896
692.5 96656896
693 82756096
693.5 84841216
694 96703232
694.5 96656896
695 96656896
695.5 80161280
696 87482368
696.5 96656896
697 96656896
697.5 96656896
698 77566464
698.5 90077184
699 96656896
699.5 96656896
700 96656896
700.5 75481344
701 92162304
701.5 96656896
702 96656896
702.5 96656896
703 74739968
703.5 92903680
704 96656896
704.5 96656896
705 96656896
705.5 74044928
706 93598720
706.5 96656896
707 96656896
707.5 96656896
708 72747520
708.5 94896128
709 96656896
709.5 96656896
710 92579328
710.5 75527680
711 96193536
711.5 96656896
712 96656896
712.5 87389696
713 80253952
713.5 96656896
714 96656896
714.5 96656896
715 82200064
715.5 85443584
716 96656896
716.5 96656896
717 96656896
717.5 77010432
718 90633216
718.5 96656896
719 96656896
719.5 96656896
720 71820800
720.5 95822848
721 96656896
721.5 96656896
722 96703232
722.5 68971136
723 98626176
723.5 96656896
724 96703232
724.5 96656896
725 73326720
725.5 94270592
726 96703232
726.5 96656896
727 96656896
727.5 72909696
728 94687616
728.5 96703232
729 96656896
729.5 96656896
730 72492672
730.5 95150976
731 96656896
731.5 96656896
732 96656896
732.5 72075648
733 95568000
733.5 96656896
734 96656896
734.5 96656896
735 86138624
735.5 81505024
736 96656896
736.5 96656896
737 96656896
737.5 84331520
738 83312128
738.5 96656896
739 96656896
739.5 96656896
740 81736704
740.5 85906944
741 96656896
741.5 96656896
742 96656896
742.5 79141888
743 88501760
743.5 96656896
744 96656896
744.5 96656896
745 76547072
745.5 91096576
746 96656896
746.5 96656896
747 96656896
747.5 74971648
748 92672000
748.5 96656896
749 96656896
749.5 96656896
750 74739968
750.5 92903680
751 96656896
751.5 96656896
752 96703232
752.5 73535232
753 94062080
753.5 96656896
754 96656896
754.5 95776512
755 73164544
755.5 95359488
756 96656896
756.5 96703232
757 90540544
757.5 77056768
758 96656896
758.5 96703232
759 96656896
759.5 85350912
760 82246400
760.5 96656896
761 96703232
761.5 96656896
762 80161280
762.5 87436032
763 96703232
763.5 96656896
764 96656896
764.5 74971648
765 92672000
765.5 96656896
766 96656896
766.5 96656896
767 69782016
767.5 97861632
768 96656896
768.5 96656896
769 96656896
769.5 69364992
770 98278656
770.5 96656896
771 96656896
771.5 96656896
772 73720576
772.5 93923072
773 96656896
773.5 96656896
774 96656896
774.5 73303552
775 94340096
775.5 96656896
776 96656896
776.5 96656896
777 72886528
777.5 94757120
778 96656896
778.5 96656896
779 96656896
779.5 72469504
780 95174144
780.5 96656896
781 96656896
781.5 96656896
782 85165568
782.5 82478080
783 96656896
783.5 96656896
784 96656896
784.5 83358464
785 84285184
785.5 96656896
786 96656896
786.5 96656896
787 80763648
787.5 86880000
788 96656896
788.5 96656896
789 96703232
789.5 78122496
790 89474816
790.5 96656896
791 96703232
791.5 96656896
792 75713024
792.5 91884288
793 96656896
793.5 96703232
794 96656896
794.5 74693632
795 92903680
795.5 96703232
796 96656896
796.5 96656896
797 74322944
797.5 93320704
798 96656896
798.5 96656896
799 96656896
799.5 73025536
800 94618112
800.5 96656896
801 96656896
801.5 93737728
802 74693632
802.5 95869184
803 96656896
803.5 96656896
804 88548096
804.5 79095552
805 96656896
805.5 96656896
806 96656896
806.5 83358464
807 84285184
807.5 96656896
808 96656896
808.5 96656896
809 78168832
809.5 89474816
810 96656896
810.5 96656896
811 96656896
811.5 72979200
812 94664448
812.5 96656896
813 96656896
813.5 96656896
814 67789568
814.5 99854080
815 96656896
815.5 96656896
816 96656896
816.5 72145152
817 95498496
817.5 96656896
818 96656896
818.5 96656896
819 74114432
819.5 93529216
820 96656896
820.5 96656896
821 96656896
821.5 73697408
822 93946240
822.5 96656896
823 96656896
823.5 96703232
824 73234048
824.5 94363264
825 96656896
825.5 96656896
826 96703232
826.5 86694656
827 80902656
827.5 96656896
828 96703232
828.5 96656896
829 84887552
829.5 82709760
830 96703232
830.5 96656896
831 96656896
831.5 82339072
832 85258240
832.5 96703232
833 96656896
833.5 96656896
834 79744256
834.5 87899392
835 96656896
835.5 96656896
836 96656896
836.5 77149440
837 90494208
837.5 96656896
838 96656896
838.5 96656896
839 75249664
839.5 92393984
840 96656896
840.5 96656896
841 96656896
841.5 74739968
842 92903680
842.5 96656896
843 96656896
843.5 96656896
844 73859584
844.5 93784064
845 96656896
845.5 96656896
846 96656896
846.5 72562176
847 95081472
847.5 96656896
848 96656896
848.5 91745280
849 76176384
849.5 96378880
850 96656896
850.5 96656896
851 86555648
851.5 81088000
852 96656896
852.5 96656896
853 96656896
853.5 81366016
854 86277632
854.5 96656896
855 96656896
855.5 96656896
856 76176384
856.5 91467264
857 96656896
857.5 96656896
858 96656896
858.5 70986752
859 96656896
859.5 96656896
860 96656896
860.5 96703232
861 68137088
861.5 99460224
862 96656896
862.5 96703232
863 96656896
863.5 72492672
864 95104640
864.5 96656896
865 96703232
865.5 96656896
866 72075648
866.5 95521664
867 96703232
867.5 96656896
868 96656896
868.5 74044928
869 93598720
869.5 96656896
870 96656896
870.5 96656896
871 73627904
871.5 94015744
872 96656896
872.5 96656896
873 96656896
873.5 85721600
874 81922048
874.5 96656896
875 96656896
875.5 96656896
876 83914496
876.5 83729152
877 96656896
877.5 96656896
878 96656896
878.5 81319680
879 86323968
879.5 96656896
880 96656896
880.5 96656896
881 78724864
881.5 88918784
882 96656896
882.5 96656896
883 96656896
883.5 76130048
884 91513600
884.5 96656896
885 96656896
885.5 96656896
886 74786304
886.5 92857344
887 96656896
887.5 96656896
888 96656896
888.5 74693632
889 92950016
889.5 96656896
890 96656896
890.5 96656896
891 73396224
891.5 94247424
892 96656896
892.5 96656896
893 94942464
893.5 73813248
894 95544832
894.5 96656896
895 96703232
895.5 89706496
896 77890816
896.5 96656896
897 96656896
897.5 96703232
898 84516864
898.5 83080448
899 96656896
899.5 96703232
