0 2 -1
0.5 6 6
1 28 50
1.5 141 276
2 711 1416
2.5 590 3725
3 935 6857
3.5 971 10527
4 1008 14345
4.5 1047 18319
5 1088 22451
5.5 1129 26623
6 1170 30795
6.5 1211 34967
7 1251 39139
7.5 1292 43311
8 832 46637
8.5 1172 50547
9 1213 54719
9.5 1254 58891
10 1295 63063
10.5 904 66309
11 1174 70299
11.5 1215 74471
12 1256 78643
12.5 1297 82815
13 1006 86041
13.5 1176 90051
14 1217 94223
14.5 1258 98395
15 1299 102567
15.5 1098 105753
16 1178 109803
16.5 1219 113975
17 1260 118147
17.5 1301 122319
18 1140 125449
18.5 1181 129555
19 1221 133727
19.5 1262 137899
20 1189 141851
20.5 1142 145145
21 1183 149307
21.5 1224 153479
22 1265 157651
22.5 1075 161379
23 1144 164887
23.5 1185 169059
24 1226 173231
24.5 1267 177405
25 961 180907
25.5 1146 184639
26 1187 188811
26.5 1228 192985
27 1269 197157
27.5 847 200435
28 1148 204391
28.5 1189 208563
29 1230 212737
29.5 1271 216909
30 733 219963
30.5 1151 224143
31 1192 228317
31.5 1232 232489
32 1273 236661
32.5 619 239594
33 1153 243897
33.5 1194 248069
34 1235 252241
34.5 1276 256413
35 569 259534
35.5 1155 263649
36 1196 267821
36.5 1237 271993
37 1278 276165
37.5 569 279371
38 1157 283401
38.5 1198 287573
39 1239 291745
39.5 1280 295917
40 569 299105
40.5 1159 303153
41 1200 307325
41.5 1241 311497
42 1282 315669
42.5 569 318839
43 1162 322905
43.5 1203 327077
44 1243 331249
44.5 1284 335421
45 612 339117
45.5 1164 342657
46 1205 346829
46.5 1246 351001
47 1287 355173
47.5 685 358791
48 1166 362409
48.5 1207 366581
49 1248 370753
49.5 1289 374925
50 741 378431
50.5 1168 382161
51 1209 386333
51.5 1250 390505
52 1291 394677
52.5 797 398071
53 1170 401913
53.5 1211 406085
54 1252 410257
54.5 1293 414429
55 853 417711
55.5 1173 421665
56 1214 425837
56.5 1254 430009
57 1295 434183
57.5 937 437407
58 1175 441417
58.5 1216 445589
59 1257 449763
59.5 1298 453935
60 1047 457155
60.5 1177 461169
61 1218 465343
61.5 1259 469515
62 1300 473687
62.5 1131 476851
63 1179 480921
63.5 1220 485095
64 1261 489267
64.5 1260 493355
65 1141 496547
65.5 1181 500675
66 1222 504847
66.5 1263 509019
67 1146 512883
67.5 1143 516255
68 1184 520427
68.5 1225 524599
69 1265 528771
69.5 1031 532411
70 1145 536007
70.5 1186 540179
71 1227 544351
71.5 1268 548523
72 916 551939
72.5 1147 555759
73 1188 559931
73.5 1229 564103
74 1270 568275
74.5 802 571467
75 1149 575511
75.5 1190 579683
76 1231 583855
76.5 1272 588027
77 688 590995
77.5 1152 595263
78 1192 599435
78.5 1233 603607
79 1274 607779
79.5 575 610832
80 1154 615015
80.5 1195 619187
81 1236 623359
81.5 1276 627531
82 569 630669
82.5 1156 634767
83 1197 638939
83.5 1238 643111
84 1279 647283
84.5 569 650403
85 1158 654519
85.5 1199 658691
86 1240 662863
86.5 1281 667035
87 569 670240
87.5 1160 674271
88 1201 678443
88.5 1242 682615
89 1283 686787
89.5 578 690553
90 1163 694023
90.5 1203 698195
91 1244 702367
91.5 1285 706541
92 643 710211
92.5 1165 713775
93 1206 717947
93.5 1247 722121
94 1287 726293
94.5 707 729867
95 1167 733527
95.5 1208 737699
96 1249 741873
96.5 1290 746045
97 763 749507
97.5 1169 753279
98 1210 757453
98.5 1251 761625
99 1292 765797
99.5 819 769147
100 1171 773033
100.5 1212 777205
101 1253 781377
101.5 1294 785549
102 885 788807
102.5 1174 792785
103 1214 796957
103.5 1255 801129
104 1296 805301
104.5 981 808527
105 1176 812537
105.5 1217 816709
106 1258 820881
106.5 1298 825053
107 1079 828251
107.5 1178 832289
108 1219 836461
108.5 1260 840633
109 1301 844805
109.5 1140 847947
110 1180 852041
110.5 1221 856213
111 1262 860385
111.5 1215 864387
112 1142 867643
112.5 1182 871793
113 1223 875965
113.5 1264 880137
114 1101 883915
114.5 1144 887373
115 1184 891545
115.5 1225 895717
116 1266 899889
116.5 986 903443
117 1146 907125
117.5 1187 911297
118 1228 915469
118.5 1268 919641
119 872 922971
119.5 1148 926877
120 1189 931049
120.5 1230 935221
121 1271 939393
121.5 758 942499
122 1150 946629
122.5 1191 950801
123 1232 954973
123.5 1273 959145
124 644 962130
124.5 1152 966381
125 1193 970553
125.5 1234 974725
126 1275 978899
126.5 569 982070
127 1155 986133
127.5 1195 990305
128 1236 994477
128.5 1277 998651
129 569 1001804
129.5 1157 1005885
130 1198 1010057
130.5 1239 1014231
131 1279 1018403
131.5 569 1021538
132 1159 1025637
132.5 1200 1029811
133 1241 1033983
133.5 1282 1038155
134 569 1041272
134.5 1161 1045389
135 1202 1049563
135.5 1243 1053735
136 1284 1057907
136.5 599 1061627
137 1163 1065143
137.5 1204 1069315
138 1245 1073487
138.5 1286 1077659
139 673 1081303
139.5 1166 1084895
140 1206 1089067
140.5 1247 1093239
141 1288 1097411
141.5 729 1100943
142 1168 1104647
142.5 1209 1108819
143 1250 1112991
143.5 1290 1117163
144 785 1120583
144.5 1170 1124399
145 1211 1128571
145.5 1252 1132743
146 1293 1136915
146.5 841 1140223
147 1172 1144151
147.5 1213 1148323
148 1254 1152495
148.5 1295 1156667
149 918 1159905
149.5 1174 1163903
150 1215 1168075
150.5 1256 1172247
151 1297 1176419
151.5 1024 1179645
152 1177 1183655
152.5 1217 1187827
153 1258 1191999
153.5 1299 1196171
154 1111 1199347
154.5 1179 1203407
155 1220 1207579
155.5 1261 1211751
156 1285 1215891
156.5 1141 1219045
157 1181 1223159
157.5 1222 1227331
158 1263 1231503
158.5 1171 1235419
159 1142 1238741
159.5 1183 1242911
160 1224 1247083
160.5 1265 1251255
161 1057 1254947
161.5 1144 1258491
162 1185 1262663
162.5 1226 1266835
163 1267 1271009
163.5 943 1274475
164 1147 1278243
164.5 1188 1282415
165 1228 1286589
165.5 1269 1290761
166 828 1294003
166.5 1149 1297995
167 1190 1302167
167.5 1231 1306341
168 1272 1310513
168.5 714 1313531
169 1151 1317747
169.5 1192 1321921
170 1233 1326093
170.5 1274 1330265
171 601 1333265
171.5 1153 1337501
172 1194 1341673
172.5 1235 1345845
173 1276 1350017
173.5 569 1353205
174 1155 1357253
174.5 1196 1361425
175 1237 1365597
175.5 1278 1369769
176 569 1372939
176.5 1158 1377005
177 1199 1381177
177.5 1239 1385349
178 1280 1389521
178.5 569 1392673
179 1160 1396757
179.5 1201 1400929
180 1242 1405101
180.5 1283 1409273
181 569 1412407
181.5 1162 1416509
182 1203 1420681
182.5 1244 1424853
183 1285 1429025
183.5 621 1432703
184 1164 1436261
184.5 1205 1440433
185 1246 1444605
185.5 1287 1448777
186 694 1452377
186.5 1166 1456013
187 1207 1460185
187.5 1248 1464357
188 1289 1468529
188.5 750 1472017
189 1169 1475765
189.5 1210 1479937
190 1250 1484109
190.5 1291 1488281
191 806 1491657
191.5 1171 1495517
192 1212 1499689
192.5 1253 1503861
193 1294 1508033
193.5 866 1511305
194 1173 1515269
194.5 1214 1519441
195 1255 1523613
195.5 1296 1527787
196 955 1531011
196.5 1175 1535021
197 1216 1539193
197.5 1257 1543367
198 1298 1547539
198.5 1060 1550749
199 1177 1554773
199.5 1218 1558945
200 1259 1563119
200.5 1300 1567291
201 1140 1570445
201.5 1180 1574525
202 1221 1578699
202.5 1261 1582871
203 1241 1586923
203.5 1141 1590141
204 1182 1594279
204.5 1223 1598451
205 1264 1602623
205.5 1127 1606451
206 1143 1609857
206.5 1184 1614031
207 1225 1618203
207.5 1266 1622375
208 1013 1625979
208.5 1145 1629611
209 1186 1633783
209.5 1227 1637955
210 1268 1642127
210.5 899 1645507
211 1147 1649363
211.5 1188 1653535
212 1229 1657707
212.5 1270 1661879
213 784 1665035
213.5 1150 1669115
214 1191 1673287
214.5 1231 1677459
215 1272 1681631
215.5 669 1684563
216 1152 1688867
216.5 1193 1693039
217 1234 1697211
217.5 1275 1701383
218 569 1704503
218.5 1154 1708619
219 1195 1712791
219.5 1236 1716963
220 1277 1721135
220.5 569 1724340
221 1156 1728371
221.5 1197 1732543
222 1238 1736715
222.5 1279 1740887
223 569 1744074
223.5 1158 1748123
224 1199 1752295
224.5 1240 1756467
225 1281 1760639
225.5 569 1763808
226 1161 1767875
226.5 1202 1772047
227 1242 1776219
227.5 1283 1780391
228 587 1784139
228.5 1163 1787627
229 1204 1791799
229.5 1245 1795971
230 1286 1800145
230.5 660 1803813
231 1165 1807379
231.5 1206 1811551
232 1247 1815723
232.5 1288 1819897
233 716 1823453
233.5 1167 1827131
234 1208 1831303
234.5 1249 1835477
235 1290 1839649
235.5 772 1843093
236 1169 1846883
236.5 1210 1851057
237 1251 1855229
237.5 1292 1859401
238 828 1862733
238.5 1172 1866635
239 1213 1870809
239.5 1253 1874981
240 1294 1879153
240.5 899 1882403
241 1174 1886389
241.5 1215 1890561
242 1256 1894733
242.5 1297 1898905
243 999 1902131
243.5 1176 1906141
244 1217 1910313
244.5 1258 1914485
245 1299 1918657
245.5 1093 1921847
246 1178 1925893
246.5 1219 1930065
247 1260 1934237
247.5 1301 1938409
248 1140 1941543
248.5 1180 1945645
249 1221 1949817
249.5 1262 1953989
250 1197 1957955
250.5 1142 1961239
251 1183 1965397
251.5 1224 1969569
252 1264 1973741
252.5 1082 1977483
253 1144 1980977
253.5 1185 1985149
254 1226 1989321
254.5 1267 1993493
255 968 1997011
255.5 1146 2000729
256 1187 2004901
256.5 1228 2009073
257 1269 2013245
257.5 854 2016539
258 1148 2020481
258.5 1189 2024653
259 1230 2028825
259.5 1271 2032997
260 740 2036067
260.5 1151 2040233
261 1191 2044405
261.5 1232 2048577
262 1273 2052749
262.5 626 2055698
263 1153 2059985
263.5 1194 2064157
264 1235 2068329
264.5 1275 2072501
265 569 2075638
265.5 1155 2079737
266 1196 2083909
266.5 1237 2088081
267 1278 2092255
267.5 569 2095372
268 1157 2099489
268.5 1198 2103661
269 1239 2107835
269.5 1280 2112007
270 569 2115209
270.5 1159 2119241
271 1200 2123413
271.5 1241 2127587
272 1282 2131759
272.5 569 2134943
273 1162 2138993
273.5 1202 2143167
274 1243 2147339
274.5 1284 2151511
275 608 2155213
275.5 1164 2158747
276 1205 2162919
276.5 1246 2167091
277 1286 2171263
277.5 682 2174889
278 1166 2178499
278.5 1207 2182671
279 1248 2186843
279.5 1289 2191015
280 738 2194529
280.5 1168 2198251
281 1209 2202423
281.5 1250 2206595
282 1291 2210767
282.5 794 2214169
283 1170 2218003
283.5 1211 2222175
284 1252 2226347
284.5 1293 2230519
285 850 2233809
285.5 1173 2237755
286 1213 2241927
286.5 1254 2246099
287 1295 2250271
287.5 931 2253499
288 1175 2257507
288.5 1216 2261679
289 1257 2265851
289.5 1297 2270023
290 1041 2273247
290.5 1177 2277259
291 1218 2281431
291.5 1259 2285603
292 1300 2289775
292.5 1125 2292943
293 1179 2297011
293.5 1220 2301183
294 1261 2305355
294.5 1267 2309459
295 1141 2312639
295.5 1181 2316763
296 1222 2320935
296.5 1263 2325107
297 1153 2328987
297.5 1143 2332343
298 1183 2336515
298.5 1224 2340687
299 1265 2344859
299.5 1038 2348515
300 1145 2352095
300.5 1186 2356267
301 1227 2360439
301.5 1268 2364613
302 924 2368043
302.5 1147 2371847
303 1188 2376019
303.5 1229 2380191
304 1270 2384365
304.5 810 2387571
305 1149 2391599
305.5 1190 2395771
306 1231 2399945
306.5 1272 2404117
307 696 2407099
307.5 1151 2411351
308 1192 2415525
308.5 1233 2419697
309 1274 2423869
309.5 583 2426936
310 1154 2431103
310.5 1194 2435277
311 1235 2439449
311.5 1276 2443621
312 569 2446773
312.5 1156 2450857
313 1197 2455029
313.5 1238 2459201
314 1278 2463373
314.5 569 2466507
315 1158 2470609
315.5 1199 2474781
316 1240 2478953
316.5 1281 2483125
317 569 2486241
317.5 1160 2490361
318 1201 2494533
318.5 1242 2498705
319 1283 2502877
319.5 574 2506649
320 1162 2510113
320.5 1203 2514285
321 1244 2518457
321.5 1285 2522629
322 636 2526301
322.5 1165 2529865
323 1205 2534037
323.5 1246 2538209
324 1287 2542381
324.5 703 2545963
325 1167 2549617
325.5 1208 2553789
326 1249 2557961
326.5 1289 2562133
327 759 2565603
327.5 1169 2569369
328 1210 2573541
328.5 1251 2577713
329 1292 2581885
329.5 815 2585243
330 1171 2589121
330.5 1212 2593293
331 1253 2597465
331.5 1294 2601637
332 880 2604901
332.5 1173 2608873
333 1214 2613045
333.5 1255 2617217
334 1296 2621391
334.5 973 2624615
335 1176 2628625
335.5 1216 2632797
336 1257 2636969
336.5 1298 2641143
337 1074 2644345
337.5 1178 2648377
338 1219 2652549
338.5 1260 2656723
339 1300 2660895
339.5 1140 2664041
340 1180 2668129
340.5 1221 2672303
341 1262 2676475
341.5 1223 2680491
342 1142 2683737
342.5 1182 2687881
343 1223 2692055
343.5 1264 2696227
344 1109 2700019
344.5 1143 2703461
345 1184 2707635
345.5 1225 2711807
346 1266 2715979
346.5 995 2719547
347 1146 2723215
347.5 1187 2727387
348 1227 2731559
348.5 1268 2735731
349 880 2739075
349.5 1148 2742967
350 1189 2747139
350.5 1230 2751311
351 1271 2755483
351.5 765 2758603
352 1150 2762719
352.5 1191 2766891
353 1232 2771063
353.5 1273 2775235
354 651 2778131
354.5 1152 2782471
355 1193 2786643
355.5 1234 2790815
356 1275 2794987
356.5 569 2798174
357 1154 2802223
357.5 1195 2806395
358 1236 2810567
358.5 1277 2814739
359 569 2817908
359.5 1157 2821975
360 1198 2826147
360.5 1238 2830319
361 1279 2834491
361.5 569 2837642
362 1159 2841727
362.5 1200 2845899
363 1241 2850071
363.5 1282 2854243
364 569 2857376
364.5 1161 2861479
365 1202 2865651
365.5 1243 2869823
366 1284 2873995
366.5 596 2877725
367 1163 2881231
367.5 1204 2885403
368 1245 2889575
368.5 1286 2893747
369 669 2897399
369.5 1165 2900983
370 1206 2905155
370.5 1247 2909327
371 1288 2913501
371.5 725 2917039
372 1168 2920735
372.5 1209 2924907
373 1249 2929081
373.5 1290 2933253
374 781 2936679
374.5 1170 2940487
375 1211 2944659
375.5 1252 2948833
376 1293 2953005
376.5 837 2956319
377 1172 2960239
377.5 1213 2964413
378 1254 2968585
378.5 1295 2972757
379 912 2975997
379.5 1174 2979993
380 1215 2984165
380.5 1256 2988337
381 1297 2992509
381.5 1017 2995735
382 1176 2999745
382.5 1217 3003917
383 1258 3008089
383.5 1299 3012261
384 1106 3015441
384.5 1179 3019497
385 1220 3023669
385.5 1260 3027841
386 1292 3031995
386.5 1140 3035137
387 1181 3039249
387.5 1222 3043421
388 1263 3047593
388.5 1178 3051523
389 1142 3054833
389.5 1183 3059001
390 1224 3063173
390.5 1265 3067345
391 1064 3071051
391.5 1144 3074581
392 1185 3078753
392.5 1226 3082925
393 1267 3087097
393.5 950 3090579
394 1146 3094333
394.5 1187 3098505
395 1228 3102677
395.5 1269 3106849
396 836 3110107
396.5 1149 3114085
397 1190 3118257
397.5 1230 3122429
398 1271 3126601
398.5 721 3129635
399 1151 3133837
399.5 1192 3138009
400 1233 3142181
400.5 1274 3146353
401 608 3149369
401.5 1153 3153589
402 1194 3157761
402.5 1235 3161933
403 1276 3166105
403.5 569 3169309
404 1155 3173341
404.5 1196 3177513
405 1237 3181685
405.5 1278 3185859
406 569 3189043
406.5 1157 3193093
407 1198 3197265
407.5 1239 3201437
408 1280 3205611
408.5 569 3208777
409 1160 3212845
409.5 1201 3217017
410 1241 3221191
410.5 1282 3225363
411 569 3228511
411.5 1162 3232597
412 1203 3236771
412.5 1244 3240943
413 1285 3245115
413.5 617 3248799
414 1164 3252349
414.5 1205 3256523
415 1246 3260695
415.5 1287 3264867
416 691 3268475
416.5 1166 3272103
417 1207 3276275
417.5 1248 3280447
418 1289 3284619
418.5 747 3288115
419 1168 3291855
419.5 1209 3296027
420 1250 3300199
420.5 1291 3304371
421 803 3307755
421.5 1171 3311607
422 1212 3315779
422.5 1252 3319951
423 1293 3324123
423.5 861 3327399
424 1173 3331359
424.5 1214 3335531
425 1255 3339703
425.5 1296 3343875
426 948 3347101
426.5 1175 3351111
427 1216 3355283
427.5 1257 3359455
428 1298 3363627
428.5 1054 3366841
429 1177 3370863
429.5 1218 3375035
430 1259 3379207
430.5 1300 3383379
431 1138 3386537
431.5 1179 3390615
432 1220 3394787
432.5 1261 3398959
433 1249 3403027
433.5 1141 3406233
434 1182 3410367
434.5 1223 3414539
435 1263 3418711
435.5 1134 3422555
436 1143 3425947
436.5 1184 3430119
437 1225 3434291
437.5 1266 3438463
438 1020 3442083
438.5 1145 3445699
439 1186 3449871
439.5 1227 3454043
440 1268 3458215
440.5 906 3461611
441 1147 3465451
441.5 1188 3469623
442 1229 3473795
442.5 1270 3477969
443 792 3481139
443.5 1150 3485203
444 1190 3489375
444.5 1231 3493549
445 1272 3497721
445.5 678 3500667
446 1152 3504955
446.5 1193 3509127
447 1234 3513301
447.5 1274 3517473
448 569 3520607
448.5 1154 3524707
449 1195 3528881
449.5 1236 3533053
450 1277 3537225
450.5 569 3540341
451 1156 3544461
451.5 1197 3548633
452 1238 3552805
452.5 1279 3556977
453 569 3560178
453.5 1158 3564213
454 1199 3568385
454.5 1240 3572557
455 1281 3576729
455.5 569 3579912
456 1161 3583965
456.5 1201 3588137
457 1242 3592309
457.5 1283 3596481
458 583 3600235
458.5 1163 3603717
459 1204 3607889
459.5 1245 3612061
460 1285 3616233
460.5 654 3619905
461 1165 3623469
461.5 1206 3627641
462 1247 3631813
462.5 1288 3635985
463 712 3639549
463.5 1167 3643221
464 1208 3647393
464.5 1249 3651565
465 1290 3655737
465.5 768 3659189
466 1169 3662973
466.5 1210 3667145
467 1251 3671317
467.5 1292 3675489
468 824 3678829
468.5 1172 3682725
469 1212 3686897
469.5 1253 3691069
470 1294 3695241
470.5 893 3698495
471 1174 3702477
471.5 1215 3706649
472 1256 3710821
472.5 1296 3714993
473 991 3718219
473.5 1176 3722229
474 1217 3726401
474.5 1258 3730573
475 1299 3734747
475.5 1087 3737939
476 1178 3741981
476.5 1219 3746153
477 1260 3750327
477.5 1301 3754499
478 1140 3757635
478.5 1180 3761733
479 1221 3765905
479.5 1262 3770079
480 1205 3774059
480.5 1142 3777331
481 1182 3781485
481.5 1223 3785659
482 1264 3789831
482.5 1090 3793587
483 1144 3797065
483.5 1185 3801239
484 1226 3805411
484.5 1267 3809583
485 976 3813115
485.5 1146 3816817
486 1187 3820991
486.5 1228 3825163
487 1269 3829335
487.5 862 3832643
488 1148 3836571
488.5 1189 3840743
489 1230 3844915
489.5 1271 3849087
490 747 3852171
490.5 1150 3856323
491 1191 3860495
491.5 1232 3864667
492 1273 3868839
492.5 633 3871802
493 1153 3876075
493.5 1193 3880247
494 1234 3884419
494.5 1275 3888591
495 569 3891742
495.5 1155 3895827
496 1196 3899999
496.5 1237 3904171
497 1277 3908343
497.5 569 3911476
498 1157 3915579
498.5 1198 3919751
499 1239 3923923
499.5 1280 3928095
500 569 3931210
500.5 1159 3935331
501 1200 3939503
501.5 1241 3943675
502 1282 3947847
502.5 569 3951047
503 1161 3955083
503.5 1202 3959255
504 1243 3963427
504.5 1284 3967599
505 605 3971311
505.5 1164 3974835
506 1204 3979007
506.5 1245 3983179
507 1286 3987351
507.5 678 3990985
508 1166 3994587
508.5 1207 3998759
509 1248 4002931
509.5 1288 4007105
510 734 4010625
510.5 1168 4014339
511 1209 4018511
511.5 1250 4022683
512 1291 4026857
512.5 790 4030265
513 1170 4034091
513.5 1211 4038263
514 1252 4042437
514.5 1293 4046609
515 846 4049905
515.5 1172 4053843
516 1213 4058017
516.5 1254 4062189
517 1295 4066361
517.5 926 4069593
518 1175 4073595
518.5 1215 4077769
519 1256 4081941
519.5 1297 4086113
520 1035 4089339
520.5 1177 4093349
521 1218 4097521
521.5 1259 4101693
522 1299 4105865
522.5 1120 4109037
523 1179 4113101
523.5 1220 4117273
524 1261 4121445
524.5 1275 4125563
525 1141 4128733
525.5 1181 4132853
526 1222 4137025
526.5 1263 4141197
527 1160 4145091
527.5 1142 4148433
528 1183 4152605
528.5 1224 4156777
529 1265 4160949
529.5 1046 4164619
530 1145 4168185
530.5 1186 4172357
531 1226 4176529
531.5 1267 4180701
532 931 4184147
532.5 1147 4187937
533 1188 4192109
533.5 1229 4196281
534 1270 4200453
534.5 817 4203675
535 1149 4207689
535.5 1190 4211861
536 1231 4216033
536.5 1272 4220205
537 703 4223203
537.5 1151 4227441
538 1192 4231613
538.5 1233 4235785
539 1274 4239957
539.5 590 4243040
540 1153 4247193
540.5 1194 4251365
541 1235 4255537
541.5 1276 4259709
542 569 4262877
542.5 1156 4266945
543 1197 4271117
543.5 1237 4275289
544 1278 4279461
544.5 569 4282611
545 1158 4286697
545.5 1199 4290869
546 1240 4295041
546.5 1281 4299215
547 569 4302345
547.5 1160 4306449
548 1201 4310621
548.5 1242 4314795
549 1283 4318967
549.5 569 4322079
550 1162 4326201
550.5 1203 4330373
551 1244 4334547
551.5 1285 4338719
552 629 4342391
552.5 1164 4345953
553 1205 4350127
553.5 1246 4354299
554 1287 4358471
554.5 700 4362061
555 1167 4365707
555.5 1208 4369879
556 1248 4374051
556.5 1289 4378223
557 756 4381701
557.5 1169 4385459
558 1210 4389631
558.5 1251 4393803
559 1292 4397975
559.5 812 4401341
560 1171 4405211
560.5 1212 4409383
561 1253 4413555
561.5 1294 4417727
562 874 4420993
562.5 1173 4424963
563 1214 4429135
563.5 1255 4433307
564 1296 4437479
564.5 966 4440705
565 1175 4444715
565.5 1216 4448887
566 1257 4453059
566.5 1298 4457231
567 1068 4460437
567.5 1178 4464467
568 1219 4468639
568.5 1259 4472811
569 1300 4476983
569.5 1140 4480133
570 1180 4484219
570.5 1221 4488391
571 1262 4492563
571.5 1230 4496595
572 1141 4499829
572.5 1182 4503971
573 1223 4508143
573.5 1264 4512315
574 1116 4516123
574.5 1143 4519551
575 1184 4523723
575.5 1225 4527895
576 1266 4532067
576.5 1002 4535651
577 1145 4539303
577.5 1186 4543475
578 1227 4547647
578.5 1268 4551819
579 888 4555179
579.5 1148 4559055
580 1189 4563227
580.5 1229 4567399
581 1270 4571573
581.5 773 4574707
582 1150 4578807
582.5 1191 4582979
583 1232 4587151
583.5 1273 4591325
584 659 4594235
584.5 1152 4598559
585 1193 4602731
585.5 1234 4606905
586 1275 4611077
586.5 569 4614175
587 1154 4618311
587.5 1195 4622485
588 1236 4626657
588.5 1277 4630829
589 569 4634012
589.5 1156 4638063
590 1197 4642237
590.5 1238 4646409
591 1279 4650581
591.5 569 4653746
592 1159 4657817
592.5 1200 4661989
593 1240 4666161
593.5 1281 4670333
594 569 4673480
594.5 1161 4677569
595 1202 4681741
595.5 1243 4685913
596 1284 4690085
596.5 592 4693821
597 1163 4697321
597.5 1204 4701493
598 1245 4705665
598.5 1286 4709837
599 665 4713495
599.5 1165 4717073
600 1206 4721245
600.5 1247 4725417
601 1288 4729589
601.5 721 4733135
602 1167 4736825
602.5 1208 4740997
603 1249 4745169
603.5 1290 4749341
604 777 4752775
604.5 1170 4756577
605 1211 4760749
605.5 1251 4764921
606 1292 4769093
606.5 833 4772415
607 1172 4776329
607.5 1213 4780501
608 1254 4784673
608.5 1295 4788845
609 907 4792091
609.5 1174 4796081
610 1215 4800253
610.5 1256 4804425
611 1297 4808597
611.5 1009 4811823
612 1176 4815833
612.5 1217 4820005
613 1258 4824177
613.5 1299 4828351
614 1101 4831535
614.5 1178 4835585
615 1219 4839757
615.5 1260 4843929
616 1301 4848099
616.5 1140 4851231
617 1181 4855337
617.5 1222 4859509
618 1262 4863683
618.5 1186 4867627
619 1142 4870927
619.5 1183 4875089
620 1224 4879263
620.5 1265 4883435
621 1072 4887155
621.5 1144 4890669
622 1185 4894841
622.5 1226 4899015
623 1267 4903187
623.5 958 4906683
624 1146 4910421
624.5 1187 4914595
625 1228 4918767
625.5 1269 4922939
626 844 4926211
626.5 1149 4930175
627 1189 4934347
627.5 1230 4938519
628 1271 4942691
628.5 730 4945739
629 1151 4949927
629.5 1192 4954099
630 1233 4958271
630.5 1273 4962443
631 615 4965473
631.5 1153 4969679
632 1194 4973851
632.5 1235 4978023
633 1276 4982195
633.5 569 4985310
634 1155 4989431
634.5 1196 4993603
635 1237 4997775
635.5 1278 5001947
636 569 5005147
636.5 1157 5009183
637 1198 5013355
637.5 1239 5017527
638 1280 5021699
638.5 569 5024881
639 1160 5028935
639.5 1200 5033107
640 1241 5037279
640.5 1282 5041451
641 569 5044615
641.5 1162 5048687
642 1203 5052859
642.5 1244 5057031
643 1284 5061203
643.5 614 5064897
644 1164 5068439
644.5 1205 5072611
645 1246 5076783
645.5 1287 5080955
646 687 5084571
646.5 1166 5088191
647 1207 5092363
647.5 1248 5096535
648 1289 5100707
648.5 743 5104211
649 1168 5107943
649.5 1209 5112115
650 1250 5116287
650.5 1291 5120461
651 799 5123851
651.5 1171 5127695
652 1211 5131867
652.5 1252 5136041
653 1293 5140213
653.5 855 5143491
654 1173 5147447
654.5 1214 5151619
655 1255 5155793
655.5 1295 5159965
656 941 5163191
656.5 1175 5167199
657 1216 5171373
657.5 1257 5175545
658 1298 5179717
658.5 1049 5182935
659 1177 5186953
659.5 1218 5191125
660 1259 5195297
660.5 1300 5199469
661 1133 5202631
661.5 1179 5206705
662 1220 5210877
662.5 1261 5215049
663 1257 5219131
663.5 1141 5222327
664 1182 5226457
664.5 1222 5230629
665 1263 5234801
665.5 1141 5238659
666 1143 5242037
666.5 1184 5246209
667 1225 5250381
667.5 1266 5254553
668 1027 5258187
668.5 1145 5261789
669 1186 5265961
669.5 1227 5270133
670 1268 5274305
670.5 913 5277715
671 1147 5281541
671.5 1188 5285713
672 1229 5289885
672.5 1270 5294057
673 799 5297243
673.5 1149 5301293
674 1190 5305465
674.5 1231 5309637
675 1272 5313809
675.5 685 5316771
676 1152 5321045
676.5 1192 5325217
677 1233 5329389
677.5 1274 5333561
678 572 5336608
678.5 1154 5340797
679 1195 5344969
679.5 1236 5349141
680 1276 5353313
680.5 569 5356445
681 1156 5360549
681.5 1197 5364721
682 1238 5368893
682.5 1279 5373065
683 569 5376179
683.5 1158 5380301
684 1199 5384473
684.5 1240 5388645
685 1281 5392819
685.5 569 5396016
686 1160 5400053
686.5 1201 5404225
687 1242 5408397
687.5 1283 5412571
688 579 5416331
688.5 1163 5419805
689 1203 5423977
689.5 1244 5428151
690 1285 5432323
690.5 647 5435995
691 1165 5439557
691.5 1206 5443731
692 1247 5447903
692.5 1287 5452075
693 709 5455647
693.5 1167 5459309
694 1208 5463483
694.5 1249 5467655
695 1290 5471827
695.5 765 5475287
696 1169 5479063
696.5 1210 5483235
697 1251 5487407
697.5 1292 5491579
698 821 5494927
698.5 1171 5498815
699 1212 5502987
699.5 1253 5507159
700 1294 5511331
700.5 888 5514589
701 1174 5518567
701.5 1214 5522739
702 1255 5526911
702.5 1296 5531083
703 984 5534309
703.5 1176 5538319
704 1217 5542491
704.5 1258 5546663
705 1298 5550835
705.5 1081 5554031
706 1178 5558071
706.5 1219 5562243
707 1260 5566415
707.5 1301 5570587
708 1140 5573727
708.5 1180 5577823
709 1221 5581995
709.5 1262 5586167
710 1212 5590163
710.5 1142 5593423
711 1182 5597575
711.5 1223 5601747
712 1264 5605919
712.5 1098 5609691
713 1144 5613155
713.5 1185 5617327
714 1225 5621499
714.5 1266 5625671
715 983 5629219
715.5 1146 5632907
716 1187 5637079
716.5 1228 5641251
717 1269 5645423
717.5 869 5648747
718 1148 5652659
718.5 1189 5656831
719 1230 5661003
719.5 1271 5665175
720 755 5668275
720.5 1150 5672411
721 1191 5676583
721.5 1232 5680755
722 1273 5684929
722.5 641 5687906
723 1152 5692163
723.5 1193 5696335
724 1234 5700509
724.5 1275 5704681
725 569 5707846
725.5 1155 5711915
726 1196 5716089
726.5 1236 5720261
727 1277 5724433
727.5 569 5727580
728 1157 5731667
728.5 1198 5735841
729 1239 5740013
729.5 1280 5744185
730 569 5747314
730.5 1159 5751421
731 1200 5755593
731.5 1241 5759765
732 1282 5763937
732.5 569 5767048
733 1161 5771173
733.5 1202 5775345
734 1243 5779517
734.5 1284 5783689
735 601 5787407
735.5 1163 5790925
736 1204 5795097
736.5 1245 5799269
737 1286 5803441
737.5 674 5807081
738 1166 5810677
738.5 1207 5814849
739 1247 5819021
739.5 1288 5823193
740 730 5826721
740.5 1168 5830429
741 1209 5834601
741.5 1250 5838773
742 1291 5842945
742.5 786 5846361
743 1170 5850181
743.5 1211 5854353
744 1252 5858525
744.5 1293 5862697
745 842 5866001
745.5 1172 5869933
746 1213 5874105
746.5 1254 5878277
747 1295 5882449
747.5 920 5885685
748 1174 5889685
748.5 1215 5893857
749 1256 5898029
749.5 1297 5902201
750 1027 5905427
750.5 1177 5909437
751 1218 5913609
751.5 1258 5917781
752 1299 5921955
752.5 1114 5925129
753 1179 5929189
753.5 1220 5933361
754 1261 5937533
754.5 1282 5941667
755 1141 5944825
755.5 1181 5948941
756 1222 5953113
756.5 1263 5957287
757 1168 5961195
757.5 1142 5964521
758 1183 5968693
758.5 1224 5972867
759 1265 5977039
759.5 1054 5980723
760 1144 5984273
760.5 1185 5988445
761 1226 5992619
761.5 1267 5996791
762 940 6000251
762.5 1147 6004025
763 1188 6008199
763.5 1229 6012371
764 1269 6016543
764.5 825 6019779
765 1149 6023779
765.5 1190 6027951
766 1231 6032123
766.5 1272 6036295
767 711 6039307
767.5 1151 6043531
768 1192 6047703
768.5 1233 6051875
769 1274 6056047
769.5 597 6059041
770 1153 6063283
770.5 1194 6067455
771 1235 6071627
771.5 1276 6075799
772 569 6078981
772.5 1155 6083035
773 1196 6087207
773.5 1237 6091379
774 1278 6095551
774.5 569 6098715
775 1158 6102787
775.5 1199 6106959
776 1239 6111131
776.5 1280 6115303
777 569 6118449
777.5 1160 6122539
778 1201 6126711
778.5 1242 6130883
779 1283 6135055
779.5 569 6138183
780 1162 6142291
780.5 1203 6146463
781 1244 6150635
781.5 1285 6154807
782 623 6158483
782.5 1164 6162043
783 1205 6166215
783.5 1246 6170387
784 1287 6174559
784.5 696 6178157
785 1166 6181795
785.5 1207 6185967
786 1248 6190139
786.5 1289 6194311
787 752 6197797
787.5 1169 6201547
788 1210 6205719
788.5 1250 6209891
789 1291 6214065
789.5 808 6217437
790 1171 6221299
790.5 1212 6225471
791 1253 6229645
791.5 1294 6233817
792 868 6237085
792.5 1173 6241051
793 1214 6245223
793.5 1255 6249397
794 1296 6253569
794.5 958 6256793
795 1175 6260803
795.5 1216 6264977
796 1257 6269149
796.5 1298 6273321
797 1062 6276529
797.5 1177 6280557
798 1218 6284729
798.5 1259 6288901
799 1300 6293073
799.5 1140 6296225
800 1180 6300309
800.5 1221 6304481
801 1261 6308653
801.5 1238 6312699
802 1141 6315923
802.5 1182 6320061
803 1223 6324233
803.5 1264 6328405
804 1124 6332227
804.5 1143 6335641
805 1184 6339813
805.5 1225 6343985
806 1266 6348157
806.5 1009 6351755
807 1145 6355393
807.5 1186 6359565
808 1227 6363737
808.5 1268 6367909
809 895 6371283
809.5 1148 6375145
810 1188 6379317
810.5 1229 6383489
811 1270 6387661
811.5 781 6390811
812 1150 6394897
812.5 1191 6399069
813 1232 6403241
813.5 1272 6407413
814 666 6410339
814.5 1152 6414649
815 1193 6418821
815.5 1234 6422993
816 1275 6427165
816.5 569 6430279
817 1154 6434401
817.5 1195 6438573
818 1236 6442745
818.5 1277 6446917
819 569 6450116
819.5 1156 6454153
820 1197 6458325
820.5 1238 6462497
821 1279 6466669
821.5 569 6469850
822 1159 6473905
822.5 1199 6478077
823 1240 6482249
823.5 1281 6486423
824 569 6489584
824.5 1161 6493657
825 1202 6497829
825.5 1243 6502001
826 1283 6506175
826.5 588 6509917
827 1163 6513409
827.5 1204 6517581
828 1245 6521755
828.5 1286 6525927
829 661 6529591
829.5 1165 6533161
830 1206 6537335
830.5 1247 6541507
831 1288 6545679
831.5 718 6549233
832 1167 6552913
832.5 1208 6557087
833 1249 6561259
833.5 1290 6565431
834 774 6568873
834.5 1170 6572667
835 1210 6576839
835.5 1251 6581011
836 1292 6585183
836.5 830 6588513
837 1172 6592419
837.5 1213 6596591
838 1254 6600763
838.5 1294 6604935
839 901 6608183
839.5 1174 6612171
840 1215 6616343
840.5 1256 6620515
841 1297 6624687
841.5 1002 6627913
842 1176 6631923
842.5 1217 6636095
843 1258 6640267
843.5 1299 6644439
844 1095 6647627
844.5 1178 6651675
845 1219 6655847
845.5 1260 6660019
846 1301 6664191
846.5 1140 6667323
847 1181 6671427
847.5 1221 6675599
848 1262 6679771
848.5 1193 6683731
849 1142 6687019
849.5 1183 6691179
850 1224 6695351
850.5 1265 6699523
851 1079 6703259
851.5 1144 6706759
852 1185 6710931
852.5 1226 6715103
853 1267 6719275
853.5 965 6722787
854 1146 6726511
854.5 1187 6730683
855 1228 6734855
855.5 1269 6739027
856 851 6742315
856.5 1148 6746263
857 1189 6750435
857.5 1230 6754607
858 1271 6758779
858.5 737 6761843
859 1151 6766015
859.5 1191 6770187
860 1232 6774359
860.5 1273 6778533
861 623 6781474
861.5 1153 6785767
862 1194 6789939
862.5 1235 6794113
863 1276 6798285
863.5 569 6801414
864 1155 6805519
864.5 1196 6809691
865 1237 6813865
865.5 1278 6818037
866 569 6821148
866.5 1157 6825271
867 1198 6829445
867.5 1239 6833617
868 1280 6837789
868.5 569 6840985
869 1159 6845025
869.5 1200 6849197
870 1241 6853369
870.5 1282 6857541
871 569 6860719
871.5 1162 6864777
872 1202 6868949
872.5 1243 6873121
873 1284 6877293
873.5 610 6880993
874 1164 6884529
874.5 1205 6888701
875 1246 6892873
875.5 1286 6897045
876 683 6900667
876.5 1166 6904281
877 1207 6908453
877.5 1248 6912625
878 1289 6916797
878.5 739 6920307
879 1168 6924033
879.5 1209 6928205
880 1250 6932377
880.5 1291 6936549
881 795 6939947
881.5 1170 6943785
882 1211 6947957
882.5 1252 6952129
883 1293 6956301
883.5 851 6959587
884 1173 6963537
884.5 1213 6967709
885 1254 6971881
885.5 1295 6976053
886 934 6979281
886.5 1175 6983289
887 1216 6987461
887.5 1257 6991633
888 1297 6995805
888.5 1044 6999029
889 1177 7003041
889.5 1218 7007213
890 1259 7011385
890.5 1300 7015557
891 1128 7018725
891.5 1179 7022793
892 1220 7026965
892.5 1261 7031137
893 1264 7035235
893.5 1141 7038421
894 1181 7042545
894.5 1222 7046717
895 1263 7050891
895.5 1150 7054763
896 1143 7058125
896.5 1184 7062297
897 1224 7066469
897.5 1265 7070643
898 1035 7074291
898.5 1145 7077877
899 1186 7082049
899.5 1227 7086223
