0 2 -1
0.5 6 6
1 28 50
1.5 141 276
2 711 1416
2.5 291 3583
3 342 4857
3.5 380 6237
4 417 7763
4.5 455 9435
5 492 11241
5.5 531 13265
6 569 15423
6.5 607 17687
7 645 20095
7.5 683 22653
8 721 25359
8.5 759 28215
9 797 31217
9.5 835 34351
10 873 37643
10.5 910 41191
11 939 44795
11.5 969 48461
12 997 52247
12.5 1026 56153
13 1055 60179
13.5 1085 64319
14 1100 68491
14.5 1108 72665
15 1113 76837
15.5 1118 81009
16 1123 85181
16.5 1127 89353
17 1131 93525
17.5 1135 97697
18 1138 101869
18.5 1142 106043
19 1145 110215
19.5 1148 114387
20 1151 118559
20.5 1154 122731
21 1156 126903
21.5 1159 131075
22 1161 135247
22.5 1164 139419
23 1166 143593
23.5 1169 147765
24 1171 151937
24.5 1173 156109
25 1175 160281
25.5 1177 164453
26 1179 168625
26.5 1181 172797
27 1183 176969
27.5 1185 181143
28 1187 185315
28.5 1189 189487
29 1191 193659
29.5 1193 197831
30 1195 202003
30.5 1196 206175
31 1198 210347
31.5 1200 214521
32 1202 218693
32.5 1203 222865
33 1205 227037
33.5 1207 231209
34 1208 235381
34.5 1210 239553
35 1211 243725
35.5 1213 247897
36 1214 252071
36.5 1216 256243
37 1217 260415
37.5 1219 264587
38 1220 268759
38.5 1222 272931
39 1223 277103
39.5 1225 281275
40 1226 285447
40.5 1227 289621
41 1229 293793
41.5 1230 297965
42 1231 302137
42.5 1233 306309
43 1234 310481
43.5 1235 314653
44 1237 318825
44.5 1238 322997
45 1239 327171
45.5 1241 331343
46 1242 335515
46.5 1243 339687
47 1244 343859
47.5 1246 348031
48 1247 352203
48.5 1248 356375
49 1249 360549
49.5 1250 364721
50 1252 368893
50.5 1253 373065
51 1254 377237
51.5 1255 381409
52 1256 385581
52.5 1257 389753
53 1258 393925
53.5 1259 398099
54 1261 402271
54.5 1262 406443
55 1263 410615
55.5 1264 414787
56 1265 418959
56.5 1266 423131
57 1267 427303
57.5 1268 431475
58 1269 435649
58.5 1270 439821
59 1271 443993
59.5 1272 448165
60 1273 452337
60.5 1274 456509
61 1275 460681
61.5 1277 464853
62 1278 469027
62.5 1279 473199
63 1280 477371
63.5 1281 481543
64 1282 485715
64.5 1282 489887
65 1283 494059
65.5 1284 498231
66 1285 502403
66.5 1286 506577
67 1287 510749
67.5 1288 514921
68 645 518833
68.5 651 521369
69 680 523947
69.5 718 526661
70 756 529527
70.5 794 532485
71 832 535601
71.5 870 538877
72 908 542337
72.5 946 545953
73 983 549711
73.5 1018 553577
74 1051 557571
74.5 1081 561697
75 1100 565869
75.5 1107 570043
76 1113 574215
76.5 1118 578387
77 1123 582559
77.5 1127 586731
78 1131 590903
78.5 1135 595075
79 1138 599247
79.5 1141 603419
80 1145 607593
80.5 1148 611765
81 1150 615937
81.5 1153 620109
82 1156 624281
82.5 1159 628453
83 1161 632625
83.5 1164 636797
84 1166 640969
84.5 1168 645143
85 1171 649315
85.5 1173 653487
86 1175 657659
86.5 1177 661831
87 1179 666003
87.5 1181 670175
88 1183 674347
88.5 1185 678521
89 1187 682693
89.5 1189 686865
90 1191 691037
90.5 1193 695209
91 1195 699381
91.5 1196 703553
92 1198 707725
92.5 1200 711897
93 1201 716071
93.5 1203 720243
94 1205 724415
94.5 1206 728587
95 1208 732759
95.5 1210 736931
96 1211 741103
96.5 1213 745275
97 1214 749447
97.5 1216 753621
98 1217 757793
98.5 1219 761965
99 1220 766137
99.5 1222 770309
100 1223 774481
100.5 1224 778653
101 1226 782825
101.5 1227 786999
102 1229 791171
102.5 1230 795343
103 1231 799515
103.5 1233 803687
104 1234 807859
104.5 1235 812031
105 1237 816203
105.5 1238 820375
106 1239 824549
106.5 1240 828721
107 1242 832893
107.5 1243 837065
108 1244 841237
108.5 1245 845409
109 1247 849581
109.5 1248 853753
110 1249 857925
110.5 1250 862099
111 1251 866271
111.5 1253 870443
112 1254 874615
112.5 1255 878787
113 1256 882959
113.5 1257 887131
114 1258 891303
114.5 1259 895475
115 1261 899649
115.5 1262 903821
116 1263 907993
116.5 1264 912165
117 1265 916337
117.5 1266 920509
118 1267 924681
118.5 1268 928853
119 1269 933027
119.5 1270 937199
120 1271 941371
120.5 1272 945543
121 1273 949715
121.5 1274 953887
122 1275 958059
122.5 1276 962231
123 1277 966403
123.5 1278 970577
124 1279 974749
124.5 1280 978921
125 1281 983093
125.5 1282 987265
126 1283 991437
126.5 1284 995609
127 1285 999781
127.5 1286 1003953
128 1287 1008127
128.5 1288 1012299
129 645 1016411
129.5 651 1018943
130 676 1021457
130.5 713 1024103
131 751 1026943
131.5 790 1029939
132 828 1033089
132.5 867 1036387
133 905 1039839
133.5 943 1043401
134 979 1047103
134.5 1015 1050955
135 1048 1054949
135.5 1079 1059075
136 1099 1063247
136.5 1106 1067419
137 1112 1071593
137.5 1118 1075765
138 1122 1079937
138.5 1127 1084109
139 1131 1088281
139.5 1134 1092453
140 1138 1096625
140.5 1141 1100797
141 1144 1104971
141.5 1147 1109143
142 1150 1113315
142.5 1153 1117487
143 1156 1121659
143.5 1158 1125831
144 1161 1130003
144.5 1163 1134175
145 1166 1138347
145.5 1168 1142521
146 1170 1146693
146.5 1173 1150865
147 1175 1155037
147.5 1177 1159209
148 1179 1163381
148.5 1181 1167553
149 1183 1171725
149.5 1185 1175897
150 1187 1180071
150.5 1189 1184243
151 1191 1188415
151.5 1193 1192587
152 1194 1196759
152.5 1196 1200931
153 1198 1205103
153.5 1200 1209275
154 1201 1213447
154.5 1203 1217621
155 1205 1221793
155.5 1206 1225965
156 1208 1230137
156.5 1209 1234309
157 1211 1238481
157.5 1213 1242653
158 1214 1246825
158.5 1216 1250999
159 1217 1255171
159.5 1219 1259343
160 1220 1263515
160.5 1221 1267687
161 1223 1271859
161.5 1224 1276031
162 1226 1280203
162.5 1227 1284375
163 1229 1288549
163.5 1230 1292721
164 1231 1296893
164.5 1233 1301065
165 1234 1305237
165.5 1235 1309409
166 1237 1313581
166.5 1238 1317753
167 1239 1321925
167.5 1240 1326099
168 1242 1330271
168.5 1243 1334443
169 1244 1338615
169.5 1245 1342787
170 1247 1346959
170.5 1248 1351131
171 1249 1355303
171.5 1250 1359477
172 1251 1363649
172.5 1252 1367821
173 1254 1371993
173.5 1255 1376165
174 1256 1380337
174.5 1257 1384509
175 1258 1388681
175.5 1259 1392853
176 1260 1397027
176.5 1262 1401199
177 1263 1405371
177.5 1264 1409543
178 1265 1413715
178.5 1266 1417887
179 1267 1422059
179.5 1268 1426231
180 1269 1430403
180.5 1270 1434577
181 1271 1438749
181.5 1272 1442921
182 1273 1447093
182.5 1274 1451265
183 1275 1455437
183.5 1276 1459609
184 1277 1463781
184.5 1278 1467953
185 1279 1472127
185.5 1280 1476299
186 1281 1480471
186.5 1282 1484643
187 1283 1488815
187.5 1284 1492987
188 1285 1497159
188.5 1286 1501331
189 1287 1505505
189.5 1288 1509677
190 674 1512617
190.5 650 1516407
191 672 1518969
191.5 710 1521655
192 748 1524491
192.5 787 1527475
193 825 1530605
193.5 863 1533839
194 901 1537231
194.5 939 1540779
195 976 1544497
195.5 1012 1548369
196 1045 1552359
196.5 1076 1556453
197 1098 1560625
197.5 1106 1564797
198 1112 1568971
198.5 1117 1573143
199 1122 1577315
199.5 1126 1581487
200 1130 1585659
200.5 1134 1589831
201 1137 1594003
201.5 1141 1598175
202 1144 1602347
202.5 1147 1606521
203 1150 1610693
203.5 1153 1614865
204 1155 1619037
204.5 1158 1623209
205 1161 1627381
205.5 1163 1631553
206 1166 1635725
206.5 1168 1639897
207 1170 1644071
207.5 1172 1648243
208 1175 1652415
208.5 1177 1656587
209 1179 1660759
209.5 1181 1664931
210 1183 1669103
210.5 1185 1673275
211 1187 1677449
211.5 1189 1681621
212 1191 1685793
212.5 1192 1689965
213 1194 1694137
213.5 1196 1698309
214 1198 1702481
214.5 1199 1706653
215 1201 1710825
215.5 1203 1714999
216 1204 1719171
216.5 1206 1723343
217 1208 1727515
217.5 1209 1731687
218 1211 1735859
218.5 1212 1740031
219 1214 1744203
219.5 1215 1748375
220 1217 1752549
220.5 1218 1756721
221 1220 1760893
221.5 1221 1765065
222 1223 1769237
222.5 1224 1773409
223 1226 1777581
223.5 1227 1781753
224 1228 1785925
224.5 1230 1790099
225 1231 1794271
225.5 1232 1798443
226 1234 1802615
226.5 1235 1806787
227 1236 1810959
227.5 1238 1815131
228 1239 1819303
228.5 1240 1823477
229 1242 1827649
229.5 1243 1831821
230 1244 1835993
230.5 1245 1840165
231 1246 1844337
231.5 1248 1848509
232 1249 1852681
232.5 1250 1856853
233 1251 1861027
233.5 1252 1865199
234 1254 1869371
234.5 1255 1873543
235 1256 1877715
235.5 1257 1881887
236 1258 1886059
236.5 1259 1890231
237 1260 1894403
237.5 1261 1898577
238 1263 1902749
238.5 1264 1906921
239 1265 1911093
239.5 1266 1915265
240 1267 1919437
240.5 1268 1923609
241 1269 1927781
241.5 1270 1931955
242 1271 1936127
242.5 1272 1940299
243 1273 1944471
243.5 1274 1948643
244 1275 1952815
244.5 1276 1956987
245 1277 1961159
245.5 1278 1965331
246 1279 1969505
246.5 1280 1973677
247 1281 1977849
247.5 1282 1982021
248 1283 1986193
248.5 1284 1990365
249 1285 1994537
249.5 1286 1998709
250 1287 2002881
250.5 1288 2007055
251 873 2010393
251.5 650 2013983
252 669 2016541
252.5 707 2019213
253 745 2021989
253.5 783 2024907
254 821 2027995
254.5 859 2031263
255 898 2034683
255.5 936 2038253
256 973 2041961
256.5 1008 2045777
257 1042 2049737
257.5 1073 2053831
258 1097 2058003
258.5 1105 2062175
259 1111 2066347
259.5 1117 2070521
260 1121 2074693
260.5 1126 2078865
261 1130 2083037
261.5 1134 2087209
262 1137 2091381
262.5 1140 2095553
263 1144 2099725
263.5 1147 2103897
264 1150 2108071
264.5 1152 2112243
265 1155 2116415
265.5 1158 2120587
266 1160 2124759
266.5 1163 2128931
267 1165 2133103
267.5 1168 2137275
268 1170 2141449
268.5 1172 2145621
269 1174 2149793
269.5 1176 2153965
270 1179 2158137
270.5 1181 2162309
271 1183 2166481
271.5 1185 2170653
272 1187 2174825
272.5 1188 2178999
273 1190 2183171
273.5 1192 2187343
274 1194 2191515
274.5 1196 2195687
275 1198 2199859
275.5 1199 2204031
276 1201 2208203
276.5 1203 2212375
277 1204 2216549
277.5 1206 2220721
278 1208 2224893
278.5 1209 2229065
279 1211 2233237
279.5 1212 2237409
280 1214 2241581
280.5 1215 2245753
281 1217 2249927
281.5 1218 2254099
282 1220 2258271
282.5 1221 2262443
283 1223 2266615
283.5 1224 2270787
284 1225 2274959
284.5 1227 2279131
285 1228 2283303
285.5 1230 2287477
286 1231 2291649
286.5 1232 2295821
287 1234 2299993
287.5 1235 2304165
288 1236 2308337
288.5 1238 2312509
289 1239 2316681
289.5 1240 2320853
290 1241 2325027
290.5 1243 2329199
291 1244 2333371
291.5 1245 2337543
292 1246 2341715
292.5 1247 2345887
293 1249 2350059
293.5 1250 2354231
294 1251 2358403
294.5 1252 2362577
295 1253 2366749
295.5 1255 2370921
296 1256 2375093
296.5 1257 2379265
297 1258 2383437
297.5 1259 2387609
298 1260 2391781
298.5 1261 2395955
299 1262 2400127
299.5 1264 2404299
300 1265 2408471
300.5 1266 2412643
301 1267 2416815
301.5 1268 2420987
302 1269 2425159
302.5 1270 2429331
303 1271 2433505
303.5 1272 2437677
304 1273 2441849
304.5 1274 2446021
305 1275 2450193
305.5 1276 2454365
306 1277 2458537
306.5 1278 2462709
307 1279 2466881
307.5 1280 2471055
308 1281 2475227
308.5 1282 2479399
309 1283 2483571
309.5 1284 2487743
310 1285 2491915
310.5 1286 2496087
311 1287 2500259
311.5 1288 2504433
312 1072 2508169
312.5 649 2511501
313 664 2513999
313.5 702 2516653
314 741 2519459
314.5 779 2522415
315 818 2525521
315.5 856 2528779
316 894 2532167
316.5 932 2535675
317 969 2539339
317.5 1005 2543155
318 1039 2547115
318.5 1070 2551217
319 1096 2555381
319.5 1104 2559553
320 1111 2563725
320.5 1116 2567899
321 1121 2572071
321.5 1125 2576243
322 1129 2580415
322.5 1133 2584587
323 1137 2588759
323.5 1140 2592931
324 1143 2597103
324.5 1146 2601275
325 1149 2605449
325.5 1152 2609621
326 1155 2613793
326.5 1158 2617965
327 1160 2622137
327.5 1163 2626309
328 1165 2630481
328.5 1167 2634653
329 1170 2638825
329.5 1172 2642999
330 1174 2647171
330.5 1176 2651343
331 1178 2655515
331.5 1180 2659687
332 1182 2663859
332.5 1184 2668031
333 1186 2672203
333.5 1188 2676375
334 1190 2680549
334.5 1192 2684721
335 1194 2688893
335.5 1196 2693065
336 1197 2697237
336.5 1199 2701409
337 1201 2705581
337.5 1202 2709753
338 1204 2713927
338.5 1206 2718099
339 1207 2722271
339.5 1209 2726443
340 1211 2730615
340.5 1212 2734787
341 1214 2738959
341.5 1215 2743131
342 1217 2747303
342.5 1218 2751477
343 1220 2755649
343.5 1221 2759821
344 1223 2763993
344.5 1224 2768165
345 1225 2772337
345.5 1227 2776509
346 1228 2780681
346.5 1230 2784853
347 1231 2789027
347.5 1232 2793199
348 1234 2797371
348.5 1235 2801543
349 1236 2805715
349.5 1237 2809887
350 1239 2814059
350.5 1240 2818231
351 1241 2822405
351.5 1242 2826577
352 1244 2830749
352.5 1245 2834921
353 1246 2839093
353.5 1247 2843265
354 1249 2847437
354.5 1250 2851609
355 1251 2855781
355.5 1252 2859955
356 1253 2864127
356.5 1254 2868299
357 1256 2872471
357.5 1257 2876643
358 1258 2880815
358.5 1259 2884987
359 1260 2889159
359.5 1261 2893331
360 1262 2897505
360.5 1263 2901677
361 1264 2905849
361.5 1266 2910021
362 1267 2914193
362.5 1268 2918365
363 1269 2922537
363.5 1270 2926709
364 1271 2930881
364.5 1272 2935055
365 1273 2939227
365.5 1274 2943399
366 1275 2947571
366.5 1276 2951743
367 1277 2955915
367.5 1278 2960087
368 1279 2964259
368.5 1280 2968433
369 1281 2972605
369.5 1282 2976777
370 1283 2980949
370.5 1284 2985121
371 1285 2989293
371.5 1286 2993465
372 1287 2997637
372.5 1288 3001809
373 1271 3005945
373.5 648 3009025
374 661 3011571
374.5 699 3014217
375 738 3017009
375.5 776 3019953
376 814 3022999
376.5 852 3026193
377 890 3029545
377.5 928 3033075
378 965 3036765
378.5 1002 3040599
379 1036 3044533
379.5 1067 3048595
380 1094 3052759
380.5 1104 3056931
381 1110 3061103
381.5 1116 3065275
382 1121 3069449
382.5 1125 3073621
383 1129 3077793
383.5 1133 3081965
384 1136 3086137
384.5 1140 3090309
385 1143 3094481
385.5 1146 3098653
386 1149 3102825
386.5 1152 3106999
387 1155 3111171
387.5 1157 3115343
388 1160 3119515
388.5 1162 3123687
389 1165 3127859
389.5 1167 3132031
390 1169 3136203
390.5 1172 3140377
391 1174 3144549
391.5 1176 3148721
392 1178 3152893
392.5 1180 3157065
393 1182 3161237
393.5 1184 3165409
394 1186 3169581
394.5 1188 3173753
395 1190 3177927
395.5 1192 3182099
396 1194 3186271
396.5 1195 3190443
397 1197 3194615
397.5 1199 3198787
398 1201 3202959
398.5 1202 3207131
399 1204 3211303
399.5 1206 3215477
400 1207 3219649
400.5 1209 3223821
401 1210 3227993
401.5 1212 3232165
402 1214 3236337
402.5 1215 3240509
403 1217 3244681
403.5 1218 3248853
404 1219 3253027
404.5 1221 3257199
405 1222 3261371
405.5 1224 3265543
406 1225 3269715
406.5 1227 3273887
407 1228 3278059
407.5 1229 3282231
408 1231 3286405
408.5 1232 3290577
409 1233 3294749
409.5 1235 3298921
410 1236 3303093
410.5 1237 3307265
411 1239 3311437
411.5 1240 3315609
412 1241 3319781
412.5 1242 3323955
413 1244 3328127
413.5 1245 3332299
414 1246 3336471
414.5 1247 3340643
415 1248 3344815
415.5 1250 3348987
416 1251 3353159
416.5 1252 3357331
417 1253 3361505
417.5 1254 3365677
418 1255 3369849
418.5 1257 3374021
419 1258 3378193
419.5 1259 3382365
420 1260 3386537
420.5 1261 3390709
421 1262 3394883
421.5 1263 3399055
422 1264 3403227
422.5 1265 3407399
423 1267 3411571
423.5 1268 3415743
424 1269 3419915
424.5 1270 3424087
425 1271 3428259
425.5 1272 3432433
426 1273 3436605
426.5 1274 3440777
427 1275 3444949
427.5 1276 3449121
428 1277 3453293
428.5 1278 3457465
429 1279 3461637
429.5 1280 3465809
430 1281 3469983
430.5 1282 3474155
431 1283 3478327
431.5 1284 3482499
432 1285 3486671
432.5 1286 3490843
433 1287 3495015
433.5 1288 3499187
434 1289 3503359
434.5 648 3506601
435 658 3509147
435.5 696 3511737
436 733 3514459
436.5 771 3517361
437 810 3520435
437.5 848 3523663
438 887 3527041
438.5 925 3530569
439 962 3534207
439.5 998 3537985
440 1033 3541911
440.5 1064 3545973
441 1093 3550137
441.5 1103 3554309
442 1110 3558481
442.5 1115 3562653
443 1120 3566825
443.5 1125 3570999
444 1129 3575171
444.5 1132 3579343
445 1136 3583515
445.5 1139 3587687
446 1143 3591859
446.5 1146 3596031
447 1149 3600203
447.5 1152 3604377
448 1154 3608549
448.5 1157 3612721
449 1160 3616893
449.5 1162 3621065
450 1165 3625237
450.5 1167 3629409
451 1169 3633581
451.5 1172 3637753
452 1174 3641927
452.5 1176 3646099
453 1178 3650271
453.5 1180 3654443
454 1182 3658615
454.5 1184 3662787
455 1186 3666959
455.5 1188 3671131
456 1190 3675303
456.5 1192 3679477
457 1193 3683649
457.5 1195 3687821
458 1197 3691993
458.5 1199 3696165
459 1200 3700337
459.5 1202 3704509
460 1204 3708681
460.5 1205 3712855
461 1207 3717027
461.5 1209 3721199
462 1210 3725371
462.5 1212 3729543
463 1213 3733715
463.5 1215 3737887
464 1216 3742059
464.5 1218 3746231
465 1219 3750405
465.5 1221 3754577
466 1222 3758749
466.5 1224 3762921
467 1225 3767093
467.5 1226 3771265
468 1228 3775437
468.5 1229 3779609
469 1231 3783781
469.5 1232 3787955
470 1233 3792127
470.5 1235 3796299
471 1236 3800471
471.5 1237 3804643
472 1238 3808815
472.5 1240 3812987
473 1241 3817159
473.5 1242 3821331
474 1243 3825505
474.5 1245 3829677
475 1246 3833849
475.5 1247 3838021
476 1248 3842193
476.5 1250 3846365
477 1251 3850537
477.5 1252 3854709
478 1253 3858883
478.5 1254 3863055
479 1255 3867227
479.5 1257 3871399
480 1258 3875571
480.5 1259 3879743
481 1260 3883915
481.5 1261 3888087
482 1262 3892259
482.5 1263 3896433
483 1264 3900605
483.5 1265 3904777
484 1266 3908949
484.5 1268 3913121
485 1269 3917293
485.5 1270 3921465
486 1271 3925637
486.5 1272 3929809
487 1273 3933983
487.5 1274 3938155
488 1275 3942327
488.5 1276 3946499
489 1277 3950671
489.5 1278 3954843
490 1279 3959015
490.5 1280 3963187
491 1281 3967361
491.5 1282 3971533
492 1283 3975705
492.5 1284 3979877
493 1285 3984049
493.5 1286 3988221
494 1287 3992393
494.5 1288 3996565
495 1289 4000737
495.5 647 4004067
496 653 4006611
496.5 692 4009223
497 730 4011987
497.5 768 4014901
498 807 4017965
498.5 845 4021179
499 883 4024491
499.5 921 4027961
500 959 4031585
500.5 995 4035367
501 1030 4039313
501.5 1062 4043365
502 1090 4047515
502.5 1102 4051687
503 1109 4055859
503.5 1115 4060031
504 1120 4064203
504.5 1124 4068377
505 1128 4072549
505.5 1132 4076721
506 1136 4080893
506.5 1139 4085065
507 1142 4089237
507.5 1146 4093409
508 1149 4097581
508.5 1151 4101753
509 1154 4105927
509.5 1157 4110099
510 1159 4114271
510.5 1162 4118443
511 1164 4122615
511.5 1167 4126787
512 1169 4130959
512.5 1171 4135131
513 1174 4139303
513.5 1176 4143477
514 1178 4147649
514.5 1180 4151821
515 1182 4155993
515.5 1184 4160165
516 1186 4164337
516.5 1188 4168509
517 1190 4172681
517.5 1191 4176855
518 1193 4181027
518.5 1195 4185199
519 1197 4189371
519.5 1199 4193543
520 1200 4197715
520.5 1202 4201887
521 1204 4206059
521.5 1205 4210231
522 1207 4214405
522.5 1209 4218577
523 1210 4222749
523.5 1212 4226921
524 1213 4231093
524.5 1215 4235265
525 1216 4239437
525.5 1218 4243609
526 1219 4247781
526.5 1221 4251955
527 1222 4256127
527.5 1224 4260299
528 1225 4264471
528.5 1226 4268643
529 1228 4272815
529.5 1229 4276987
530 1230 4281159
530.5 1232 4285333
531 1233 4289505
531.5 1234 4293677
532 1236 4297849
532.5 1237 4302021
533 1238 4306193
533.5 1240 4310365
534 1241 4314537
534.5 1242 4318709
535 1243 4322883
535.5 1245 4327055
536 1246 4331227
536.5 1247 4335399
537 1248 4339571
537.5 1249 4343743
538 1251 4347915
538.5 1252 4352087
539 1253 4356259
539.5 1254 4360433
540 1255 4364605
540.5 1256 4368777
541 1258 4372949
541.5 1259 4377121
542 1260 4381293
542.5 1261 4385465
543 1262 4389637
543.5 1263 4393809
544 1264 4397983
544.5 1265 4402155
545 1266 4406327
545.5 1267 4410499
546 1268 4414671
546.5 1270 4418843
547 1271 4423015
547.5 1272 4427187
548 1273 4431361
548.5 1274 4435533
549 1275 4439705
549.5 1276 4443877
550 1277 4448049
550.5 1278 4452221
551 1279 4456393
551.5 1280 4460565
552 1281 4464737
552.5 1282 4468911
553 1283 4473083
553.5 1284 4477255
554 1285 4481427
554.5 1286 4485599
555 1287 4489771
555.5 1288 4493943
556 1289 4498115
556.5 647 4501645
557 653 4504185
557.5 689 4506789
558 727 4509539
558.5 765 4512403
559 803 4515401
559.5 841 4518557
560 879 4521899
560.5 918 4525397
561 955 4529045
561.5 992 4532825
562 1026 4536715
562.5 1059 4540743
563 1088 4544893
563.5 1102 4549065
564 1108 4553237
564.5 1114 4557409
565 1119 4561581
565.5 1124 4565753
566 1128 4569927
566.5 1132 4574099
567 1135 4578271
567.5 1139 4582443
568 1142 4586615
568.5 1145 4590787
569 1148 4594959
569.5 1151 4599131
570 1154 4603305
570.5 1157 4607477
571 1159 4611649
571.5 1162 4615821
572 1164 4619993
572.5 1167 4624165
573 1169 4628337
573.5 1171 4632509
574 1173 4636681
574.5 1175 4640855
575 1178 4645027
575.5 1180 4649199
576 1182 4653371
576.5 1184 4657543
577 1186 4661715
577.5 1188 4665887
578 1189 4670059
578.5 1191 4674231
579 1193 4678405
579.5 1195 4682577
580 1197 4686749
580.5 1198 4690921
581 1200 4695093
581.5 1202 4699265
582 1203 4703437
582.5 1205 4707609
583 1207 4711781
583.5 1208 4715955
584 1210 4720127
584.5 1212 4724299
585 1213 4728471
585.5 1215 4732643
586 1216 4736815
586.5 1218 4740987
587 1219 4745159
587.5 1221 4749333
588 1222 4753505
588.5 1223 4757677
589 1225 4761849
589.5 1226 4766021
590 1228 4770193
590.5 1229 4774365
591 1230 4778537
591.5 1232 4782709
592 1233 4786883
592.5 1234 4791055
593 1236 4795227
593.5 1237 4799399
594 1238 4803571
594.5 1240 4807743
595 1241 4811915
595.5 1242 4816087
596 1243 4820259
596.5 1244 4824433
597 1246 4828605
597.5 1247 4832777
598 1248 4836949
598.5 1249 4841121
599 1251 4845293
599.5 1252 4849465
600 1253 4853637
600.5 1254 4857811
601 1255 4861983
601.5 1256 4866155
602 1257 4870327
602.5 1259 4874499
603 1260 4878671
603.5 1261 4882843
604 1262 4887015
604.5 1263 4891187
605 1264 4895361
605.5 1265 4899533
606 1266 4903705
606.5 1267 4907877
607 1268 4912049
607.5 1269 4916221
608 1270 4920393
608.5 1272 4924565
609 1273 4928737
609.5 1274 4932911
610 1275 4937083
610.5 1276 4941255
611 1277 4945427
611.5 1278 4949599
612 1279 4953771
612.5 1280 4957943
613 1281 4962115
613.5 1282 4966287
614 1283 4970461
614.5 1284 4974633
615 1285 4978805
615.5 1286 4982977
616 1287 4987149
616.5 1287 4991321
617 1288 4995493
617.5 646 4999221
618 652 5001721
618.5 684 5004257
619 722 5006971
619.5 761 5009853
620 799 5012889
620.5 838 5016073
621 876 5019405
621.5 914 5022877
622 952 5026463
622.5 988 5030203
623 1023 5034093
623.5 1055 5038121
624 1085 5042271
624.5 1101 5046443
625 1108 5050615
625.5 1114 5054787
626 1119 5058959
626.5 1123 5063131
627 1128 5067305
627.5 1131 5071477
628 1135 5075649
628.5 1139 5079821
629 1142 5083993
629.5 1145 5088165
630 1148 5092337
630.5 1151 5096509
631 1154 5100681
631.5 1156 5104855
632 1159 5109027
632.5 1161 5113199
633 1164 5117371
633.5 1166 5121543
634 1169 5125715
634.5 1171 5129887
635 1173 5134059
635.5 1175 5138231
636 1177 5142405
636.5 1179 5146577
637 1182 5150749
637.5 1184 5154921
638 1185 5159093
638.5 1187 5163265
639 1189 5167437
639.5 1191 5171609
640 1193 5175783
640.5 1195 5179955
641 1197 5184127
641.5 1198 5188299
642 1200 5192471
642.5 1202 5196643
643 1203 5200815
643.5 1205 5204987
644 1207 5209159
644.5 1208 5213333
645 1210 5217505
645.5 1211 5221677
646 1213 5225849
646.5 1214 5230021
647 1216 5234193
647.5 1217 5238365
648 1219 5242537
648.5 1220 5246709
649 1222 5250883
649.5 1223 5255055
650 1225 5259227
650.5 1226 5263399
651 1227 5267571
651.5 1229 5271743
652 1230 5275915
652.5 1232 5280087
653 1233 5284259
653.5 1234 5288433
654 1236 5292605
654.5 1237 5296777
655 1238 5300949
655.5 1239 5305121
656 1241 5309293
656.5 1242 5313465
657 1243 5317637
657.5 1244 5321811
658 1246 5325983
658.5 1247 5330155
659 1248 5334327
659.5 1249 5338499
660 1250 5342671
660.5 1252 5346843
661 1253 5351015
661.5 1254 5355187
662 1255 5359361
662.5 1256 5363533
663 1257 5367705
663.5 1258 5371877
664 1260 5376049
664.5 1261 5380221
665 1262 5384393
665.5 1263 5388565
666 1264 5392737
666.5 1265 5396911
667 1266 5401083
667.5 1267 5405255
668 1268 5409427
668.5 1269 5413599
669 1270 5417771
669.5 1271 5421943
670 1272 5426115
670.5 1273 5430289
671 1275 5434461
671.5 1276 5438633
672 1277 5442805
672.5 1278 5446977
673 1279 5451149
673.5 1280 5455321
674 1281 5459493
674.5 1282 5463665
675 1283 5467839
675.5 1284 5472011
676 1284 5476183
676.5 1285 5480355
677 1286 5484527
677.5 1287 5488699
678 1288 5492871
678.5 645 5496689
679 652 5499223
679.5 681 5501805
680 719 5504527
680.5 758 5507397
681 796 5510419
681.5 834 5513551
682 872 5516825
682.5 910 5520255
683 948 5523851
683.5 985 5527615
684 1020 5531521
684.5 1053 5535523
685 1083 5539649
685.5 1100 5543821
686 1107 5547993
686.5 1113 5552165
687 1118 5556337
687.5 1123 5560509
688 1127 5564681
688.5 1131 5568855
689 1135 5573027
689.5 1138 5577199
690 1142 5581371
690.5 1145 5585543
691 1148 5589715
691.5 1151 5593887
692 1153 5598059
692.5 1156 5602231
693 1159 5606405
693.5 1161 5610577
694 1164 5614749
694.5 1166 5618921
695 1168 5623093
695.5 1171 5627265
696 1173 5631437
696.5 1175 5635609
697 1177 5639783
697.5 1179 5643955
698 1181 5648127
698.5 1183 5652299
699 1185 5656471
699.5 1187 5660643
700 1189 5664815
700.5 1191 5668987
701 1193 5673159
701.5 1195 5677333
702 1196 5681505
702.5 1198 5685677
703 1200 5689849
703.5 1202 5694021
704 1203 5698193
704.5 1205 5702365
705 1206 5706537
705.5 1208 5710709
706 1210 5714883
706.5 1211 5719055
707 1213 5723227
707.5 1214 5727399
708 1216 5731571
708.5 1217 5735743
709 1219 5739915
709.5 1220 5744087
710 1222 5748261
710.5 1223 5752433
711 1225 5756605
711.5 1226 5760777
712 1227 5764949
712.5 1229 5769121
713 1230 5773293
713.5 1231 5777465
714 1233 5781637
714.5 1234 5785811
715 1235 5789983
715.5 1237 5794155
716 1238 5798327
716.5 1239 5802499
717 1241 5806671
717.5 1242 5810843
718 1243 5815015
718.5 1244 5819187
719 1245 5823361
719.5 1247 5827533
720 1248 5831705
720.5 1249 5835877
721 1250 5840049
721.5 1251 5844221
722 1253 5848393
722.5 1254 5852565
723 1255 5856737
723.5 1256 5860911
724 1257 5865083
724.5 1258 5869255
725 1259 5873427
725.5 1261 5877599
726 1262 5881771
726.5 1263 5885943
727 1264 5890115
727.5 1265 5894289
728 1266 5898461
728.5 1267 5902633
729 1268 5906805
729.5 1269 5910977
730 1270 5915149
730.5 1271 5919321
731 1272 5923493
731.5 1273 5927665
732 1274 5931839
732.5 1275 5936011
733 1276 5940183
733.5 1277 5944355
734 1278 5948527
734.5 1279 5952699
735 1280 5956871
735.5 1281 5961043
736 1282 5965215
736.5 1283 5969389
737 1284 5973561
737.5 1285 5977733
738 1286 5981905
738.5 1287 5986077
739 1288 5990249
739.5 645 5994267
740 651 5996801
740.5 678 5999373
741 716 6002053
741.5 753 6004855
742 791 6007819
742.5 830 6010969
743 868 6014275
743.5 907 6017733
744 945 6021337
744.5 981 6025053
745 1017 6028905
745.5 1050 6032901
746 1080 6037027
746.5 1099 6041199
747 1107 6045371
747.5 1113 6049543
748 1118 6053715
748.5 1122 6057887
749 1127 6062059
749.5 1131 6066233
750 1134 6070405
750.5 1138 6074577
751 1141 6078749
751.5 1144 6082921
752 1147 6087093
752.5 1150 6091265
753 1153 6095437
753.5 1156 6099609
754 1158 6103783
754.5 1161 6107955
755 1163 6112127
755.5 1166 6116299
756 1168 6120471
756.5 1170 6124643
757 1173 6128815
757.5 1175 6132987
758 1177 6137159
758.5 1179 6141333
759 1181 6145505
759.5 1183 6149677
760 1185 6153849
760.5 1187 6158021
761 1189 6162193
761.5 1191 6166365
762 1193 6170537
762.5 1194 6174709
763 1196 6178883
763.5 1198 6183055
764 1200 6187227
764.5 1201 6191399
765 1203 6195571
765.5 1205 6199743
766 1206 6203915
766.5 1208 6208087
767 1210 6212261
767.5 1211 6216433
768 1213 6220605
768.5 1214 6224777
769 1216 6228949
769.5 1217 6233121
770 1219 6237293
770.5 1220 6241465
771 1222 6245637
771.5 1223 6249811
772 1224 6253983
772.5 1226 6258155
773 1227 6262327
773.5 1229 6266499
774 1230 6270671
774.5 1231 6274843
775 1233 6279015
775.5 1234 6283187
776 1235 6287361
776.5 1237 6291533
777 1238 6295705
777.5 1239 6299877
778 1240 6304049
778.5 1242 6308221
779 1243 6312393
779.5 1244 6316565
780 1245 6320739
780.5 1247 6324911
781 1248 6329083
781.5 1249 6333255
782 1250 6337427
782.5 1251 6341599
783 1253 6345771
783.5 1254 6349943
784 1255 6354115
784.5 1256 6358289
785 1257 6362461
785.5 1258 6366633
786 1259 6370805
786.5 1260 6374977
787 1262 6379149
787.5 1263 6383321
788 1264 6387493
788.5 1265 6391665
789 1266 6395839
789.5 1267 6400011
790 1268 6404183
790.5 1269 6408355
791 1270 6412527
791.5 1271 6416699
792 1272 6420871
792.5 1273 6425043
793 1274 6429215
793.5 1275 6433389
794 1276 6437561
794.5 1277 6441733
795 1278 6445905
795.5 1279 6450077
796 1280 6454249
796.5 1281 6458421
797 1282 6462593
797.5 1283 6466767
798 1284 6470939
798.5 1285 6475111
799 1286 6479283
799.5 1287 6483455
800 1288 6487627
800.5 645 6491799
801 650 6494275
801.5 673 6496827
802 712 6499519
802.5 750 6502361
803 788 6505351
803.5 827 6508493
804 865 6511785
804.5 903 6515181
805 941 6518729
805.5 977 6522431
806 1013 6526283
806.5 1047 6530291
807 1077 6534405
807.5 1098 6538577
808 1106 6542749
808.5 1112 6546921
809 1117 6551093
809.5 1122 6555265
810 1126 6559437
810.5 1130 6563609
811 1134 6567783
811.5 1138 6571955
812 1141 6576127
812.5 1144 6580299
813 1147 6584471
813.5 1150 6588643
814 1153 6592815
814.5 1156 6596987
815 1158 6601159
815.5 1161 6605333
816 1163 6609505
816.5 1166 6613677
817 1168 6617849
817.5 1170 6622021
818 1172 6626193
818.5 1175 6630365
819 1177 6634537
819.5 1179 6638711
820 1181 6642883
820.5 1183 6647055
821 1185 6651227
821.5 1187 6655399
822 1189 6659571
822.5 1191 6663743
823 1192 6667915
823.5 1194 6672087
824 1196 6676261
824.5 1198 6680433
825 1199 6684605
825.5 1201 6688777
826 1203 6692949
826.5 1205 6697121
827 1206 6701293
827.5 1208 6705465
828 1209 6709637
828.5 1211 6713811
829 1212 6717983
829.5 1214 6722155
830 1216 6726327
830.5 1217 6730499
831 1219 6734671
831.5 1220 6738843
832 1221 6743015
832.5 1223 6747187
833 1224 6751361
833.5 1226 6755533
834 1227 6759705
834.5 1228 6763877
835 1230 6768049
835.5 1231 6772221
836 1233 6776393
836.5 1234 6780565
837 1235 6784739
837.5 1236 6788911
838 1238 6793083
838.5 1239 6797255
839 1240 6801427
839.5 1242 6805599
840 1243 6809771
840.5 1244 6813943
841 1245 6818115
841.5 1246 6822289
842 1248 6826461
842.5 1249 6830633
843 1250 6834805
843.5 1251 6838977
844 1252 6843149
844.5 1254 6847321
845 1255 6851493
845.5 1256 6855665
846 1257 6859839
846.5 1258 6864011
847 1259 6868183
847.5 1260 6872355
848 1261 6876527
848.5 1263 6880699
849 1264 6884871
849.5 1265 6889043
850 1266 6893217
850.5 1267 6897389
851 1268 6901561
851.5 1269 6905733
852 1270 6909905
852.5 1271 6914077
853 1272 6918249
853.5 1273 6922421
854 1274 6926593
854.5 1275 6930767
855 1276 6934939
855.5 1277 6939111
856 1278 6943283
856.5 1279 6947455
857 1280 6951627
857.5 1281 6955799
858 1282 6959971
858.5 1283 6964143
859 1284 6968317
859.5 1285 6972489
860 1286 6976661
860.5 1287 6980833
861 1288 6985005
861.5 777 6988153
862 650 6991839
862.5 670 6994399
863 708 6997077
863.5 747 6999907
864 785 7002859
864.5 823 7005935
865 861 7009169
865.5 899 7012575
866 937 7016153
866.5 974 7019875
867 1010 7023727
867.5 1044 7027687
868 1074 7031783
868.5 1097 7035955
869 1105 7040127
869.5 1112 7044299
870 1117 7048471
870.5 1122 7052643
871 1126 7056815
871.5 1130 7060987
872 1134 7065159
872.5 1137 7069333
873 1141 7073505
873.5 1144 7077677
874 1147 7081849
874.5 1150 7086021
875 1153 7090193
875.5 1155 7094365
876 1158 7098537
876.5 1161 7102711
877 1163 7106883
877.5 1165 7111055
878 1168 7115227
878.5 1170 7119399
879 1172 7123571
879.5 1174 7127743
880 1177 7131915
880.5 1179 7136087
881 1181 7140261
881.5 1183 7144433
882 1185 7148605
882.5 1187 7152777
883 1189 7156949
883.5 1190 7161121
884 1192 7165293
884.5 1194 7169465
885 1196 7173637
885.5 1198 7177811
886 1199 7181983
886.5 1201 7186155
887 1203 7190327
887.5 1204 7194499
888 1206 7198671
888.5 1208 7202843
889 1209 7207015
889.5 1211 7211189
890 1212 7215361
890.5 1214 7219533
891 1215 7223705
891.5 1217 7227877
892 1218 7232049
892.5 1220 7236221
893 1221 7240393
893.5 1223 7244565
894 1224 7248739
894.5 1226 7252911
895 1227 7257083
895.5 1228 7261255
896 1230 7265427
896.5 1231 7269599
897 1232 7273771
897.5 1234 7277943
898 1235 7282115
898.5 1236 7286289
899 1238 7290461
899.5 1239 7294633
