0 -23168
0.5 1644928
1 5699328
1.5 145912064
2 54884992
2.5 81945216
3 37555328
3.5 32759552
4 36837120
4.5 40173312
5 42953472
5.5 48189440
6 51108608
6.5 55047168
7 59773440
7.5 64638720
8 69179648
8.5 72747520
9 74183936
9.5 77798144
10 81690368
10.5 85628928
11 89891840
11.5 94293760
12 96656896
12.5 96656896
13 96656896
13.5 96656896
14 96656896
14.5 96656896
15 89428480
15.5 58082176
16 40544000
16.5 34983680
17 39153920
17.5 43370496
18 46382336
18.5 49625856
19 55047168
19.5 57827328
20 61163520
20.5 65287424
21 71403776
21.5 75203328
22 77937152
22.5 79975936
23 83914496
23.5 87992064
24 92347648
24.5 96193536
25 96656896
25.5 96656896
26 96656896
26.5 96656896
27 96656896
27.5 96656896
28 79141888
28.5 37833344
29 33269248
29.5 36651776
30 40358656
30.5 44389888
31 49857536
31.5 53796096
32 57688320
32.5 61580544
33 63665664
33.5 68299264
34 71774464
34.5 75296000
35 79002880
35.5 83080448
36 88779776
36.5 90216192
37 94525440
37.5 96656896
38 96656896
38.5 96656896
39 96656896
39.5 96703232
40 96656896
40.5 67279872
41 74855808
41.5 31786496
42 36003072
42.5 40219648
43 43277824
43.5 46660352
44 51942656
44.5 54815488
45 58337024
45.5 62414592
46 68206592
46.5 72145152
47 75666688
47.5 77288448
48 80948992
48.5 84887552
49 89104128
49.5 93413376
50 96564224
50.5 96656896
51 96656896
51.5 96656896
52 96656896
52.5 96703232
53 96656896
53.5 66005632
54 36281088
54.5 33500928
55 37300480
55.5 41470720
56 46660352
56.5 50691584
57 54583808
57.5 58754048
58 60653824
58.5 65241088
59 68855296
59.5 72608512
60 76176384
60.5 80253952
61 85721600
61.5 87667712
62 91235584
62.5 95498496
63 96656896
63.5 96703232
64 96656896
64.5 96656896
65 96656896
65.5 96656896
66 72075648
66.5 55232512
67 32852224
67.5 37022464
68 40173312
68.5 43648512
69 48884480
69.5 51710976
70 55371520
70.5 59634432
71 65148416
71.5 68855296
72 73025536
72.5 74925312
73 78076160
73.5 81875712
74 85953280
74.5 90169856
75 94525440
75.5 96656896
76 96703232
76.5 96656896
77 96656896
77.5 96656896
78 96656896
78.5 82478080
79 58800384
79.5 42559616
80 34195968
80.5 38505216
81 43509504
81.5 47633408
82 51432960
82.5 55649536
83 57780992
83.5 62368256
84 65889792
84.5 69504000
85 73488896
85.5 77612800
86 82756096
86.5 85165568
87 88038400
87.5 92301312
88 96193536
88.5 96656896
89 96656896
89.5 96656896
90 96656896
90.5 96656896
91 96656896
91.5 73905920
92 38806400
92.5 33871616
93 37068800
93.5 40729344
94 45687296
94.5 48699136
95 52267008
95.5 56900608
96 62136576
96.5 65750784
97 69689344
97.5 72793856
98 75296000
98.5 79002880
99 82895104
99.5 86972672
100 91235584
100.5 95498496
101 96656896
101.5 96656896
102 96656896
102.5 96656896
103 96656896
103.5 96656896
104 72330496
104.5 65310592
105 31137792
105.5 35447040
106 40358656
106.5 44436224
107 48421120
107.5 52637696
108 54630144
108.5 59495424
109 63155968
109.5 66260480
110 70569728
110.5 74971648
111 80022272
111.5 82709760
112 84887552
112.5 89104128
113 93413376
113.5 96564224
114 96656896
114.5 96656896
115 96703232
115.5 96656896
116 96656896
116.5 96656896
117 59008896
117.5 39385600
118 33917952
118.5 37624832
119 42629120
119.5 45548288
120 49347840
120.5 53842432
121 59310080
121.5 62738944
122 66492160
122.5 69782016
123 72932864
123.5 76222720
124 79975936
124.5 83868160
125 88038400
125.5 92903680
126 95591168
126.5 96656896
127 96656896
127.5 96656896
128 96703232
128.5 96656896
129 96656896
129.5 84933888
130 36906624
130.5 32435200
131 37161472
131.5 41378048
132 45270272
132.5 49672192
133 51386624
133.5 56483584
134 60561152
134.5 63155968
135 67326208
135.5 72376832
136 77242112
136.5 80346624
137 81922048
137.5 85906944
138 90169856
138.5 94525440
139 96703232
139.5 96656896
140 96656896
140.5 96656896
141 96656896
141.5 96656896
142 75481344
142.5 73790080
143 30813440
143.5 34566656
144 39385600
144.5 42490112
145 46428672
145.5 50923264
146 56066560
146.5 59866112
147 63526656
147.5 66631168
148 70152704
148.5 73674240
149 77149440
149.5 80902656
150 84933888
150.5 89799168
151 93089024
151.5 96147200
152 96703232
152.5 96656896
153 96656896
153.5 96656896
154 96656896
154.5 96656896
155 69596672
155.5 37138304
156 34010624
156.5 38134528
157 42258432
157.5 46521344
158 48421120
158.5 53379072
159 57780992
159.5 60236800
160 64129024
160.5 69318656
161 74554624
161.5 77612800
162 79512576
162.5 82895104
163 86972672
163.5 91235584
164 95498496
164.5 96656896
165 96656896
165.5 96656896
166 96656896
166.5 96656896
167 96703232
167.5 74253440
168 59263744
168.5 31554816
169 36142080
169.5 39478272
170 43324160
170.5 48050432
171 52915712
171.5 56761600
172 60746496
172.5 63572992
173 66816512
173.5 71264768
174 74415616
174.5 78029824
175 81922048
175.5 86787328
176 90494208
176.5 93459712
177 96564224
177.5 96656896
178 96656896
178.5 96656896
179 96656896
179.5 96656896
180 90679552
180.5 58082176
181 40404992
181.5 34983680
182 39014912
182.5 43416832
183 45362944
183.5 50459904
184 54537472
184.5 57549312
185 61163520
185.5 66306816
186 71403776
186.5 74925312
187 77195776
187.5 79975936
188 83914496
188.5 87992064
189 92301312
189.5 96193536
190 96656896
190.5 96656896
191 96703232
191.5 96656896
192 96656896
192.5 96656896
193 80022272
193.5 37879680
194 32991232
194.5 36373760
195 40312320
195.5 45038592
196 49903872
196.5 53610752
197 57734656
197.5 60700160
198 63665664
198.5 68391936
199 71635456
199.5 75296000
200 79002880
200.5 83960832
201 87945728
201.5 90169856
202 94525440
202.5 96656896
203 96656896
203.5 96656896
204 96703232
204.5 96656896
205 96656896
205.5 68530944
206 74716800
206.5 31740160
207 36003072
207.5 40265984
208 42165760
208.5 47540736
209 51340288
209.5 54583808
210 58290688
210.5 63433984
211 68252928
211.5 71913472
212 75017984
212.5 77149440
213 80902656
213.5 84933888
214 89057792
214.5 93459712
215 96564224
215.5 96656896
216 96656896
216.5 96656896
217 96656896
217.5 96656896
218 96656896
218.5 67210368
219 35771392
219.5 33269248
220 37207808
220.5 42119424
221 46706688
221.5 50598912
222 54583808
222.5 57827328
223 60653824
223.5 65658112
224 68391936
224.5 72608512
225 76176384
225.5 81180672
226 85489920
226.5 86972672
227 91235584
227.5 95544832
228 96656896
228.5 96656896
229 96656896
229.5 96656896
230 96656896
230.5 96656896
231 73326720
231.5 55093504
232 32759552
232.5 37068800
233 39153920
233.5 44482560
234 48235776
234.5 51479296
235 55417856
235.5 60653824
236 65148416
236.5 68530944
237 72747520
237.5 74508288
238 78076160
238.5 81875712
239 85906944
239.5 90169856
240 94571776
240.5 96656896
241 96656896
241.5 96656896
242 96656896
242.5 96703232
243 96656896
243.5 83636480
244 58082176
244.5 42582784
245 34149632
245.5 39014912
246 43602176
246.5 47448064
247 51571968
247.5 54676480
248 57780992
248.5 62924288
249 65287424
249.5 69504000
250 73535232
250.5 78446848
251 82941440
251.5 84099840
252 88038400
252.5 92301312
253 96193536
253.5 96656896
254 96656896
254.5 96656896
255 96656896
255.5 96703232
256 96656896
256.5 74786304
257 38991744
257.5 33825280
258 36003072
258.5 41563392
259 45084928
259.5 48513792
260 52267008
260.5 57873664
261 62182912
261.5 65287424
262 69735680
262.5 72145152
263 75296000
263.5 79002880
264 82895104
264.5 86972672
265 91235584
265.5 95498496
266 96656896
266.5 96703232
267 96656896
267.5 96656896
268 96656896
268.5 96656896
269 73488896
269.5 64708224
270 31045120
270.5 35910400
271 40451328
271.5 44204544
272 48652800
272.5 51618304
273 54630144
273.5 60190464
274 62414592
274.5 66260480
275 70569728
275.5 75944704
276 80022272
276.5 81736704
277 84887552
277.5 89104128
278 93413376
278.5 96564224
279 96656896
279.5 96703232
280 96656896
280.5 96656896
281 96656896
281.5 96656896
282 60259968
282.5 39200256
283 32852224
283.5 38505216
284 42026752
284.5 45455616
285 49301504
285.5 54722816
286 59356416
286.5 62229248
287 66723840
287.5 68994304
288 72979200
288.5 76222720
289 79975936
289.5 83868160
290 87992064
290.5 93042688
291 95498496
291.5 96656896
292 96656896
292.5 96656896
293 96656896
293.5 96656896
294 96656896
294.5 85536256
295 36860288
295.5 32898560
296 37161472
296.5 41192704
297 45409280
297.5 48745472
298 51386624
298.5 57224960
299 59819776
299.5 63109632
300 67326208
300.5 73257216
301 77195776
301.5 79512576
302 81922048
302.5 85906944
303 90169856
303.5 94571776
304 96656896
304.5 96656896
305 96656896
305.5 96656896
306 96656896
306.5 96656896
307 76732416
307.5 73651072
308 29747712
308.5 35400704
309 38829568
309.5 42443776
310 46336000
310.5 51710976
311 56066560
311.5 59588096
312 63712000
312.5 65750784
313 70245376
313.5 73627904
314 77103104
314.5 80948992
315 84887552
315.5 90586880
316 92301312
316.5 96193536
317 96656896
317.5 96656896
318 96656896
318.5 96703232
319 96656896
319.5 96656896
320 69596672
320.5 38157696
321 34010624
321.5 37995520
322 42351104
322.5 45594624
323 48421120
323.5 54027776
324 57085952
324.5 60190464
325 64129024
325.5 70291712
326 74276608
326.5 77381120
327 79049216
327.5 82895104
328 86972672
328.5 91235584
329 95498496
329.5 96656896
330 96656896
330.5 96656896
331 96656896
331.5 96703232
332 96656896
332.5 72515840
333 61279360
333.5 32203520
334 35678720
334.5 39385600
335 43231488
335.5 48838144
336 52730368
336.5 56668928
337 60885504
337.5 62646272
338 67094528
338.5 71033088
339 74415616
339.5 78029824
340 81875712
340.5 87714048
341 89613824
341.5 93459712
342 96564224
342.5 96656896
343 96656896
343.5 96656896
344 96656896
344.5 96656896
345 91837952
345.5 58082176
346 40126976
346.5 34983680
347 39153920
347.5 42536448
348 45455616
348.5 50923264
349 53935104
349.5 57410304
350 61163520
350.5 67187200
351 71218432
351.5 74832640
352 76593408
352.5 79975936
353 83914496
353.5 87992064
354 92347648
354.5 96147200
355 96703232
355.5 96656896
356 96656896
356.5 96656896
357 96656896
357.5 96656896
358 80948992
358.5 37926016
359 32527872
359.5 36281088
360 40358656
360.5 45594624
361 49764864
361.5 53518080
362 57966336
362.5 59680768
363 63943680
363.5 68160256
364 71635456
364.5 75296000
365 79095552
365.5 84748544
366 87019008
366.5 90169856
367 94571776
367.5 96656896
368 96656896
368.5 96656896
369 96656896
369.5 96656896
370 96656896
370.5 69735680
371 74531456
371.5 31740160
372 36049408
372.5 39385600
373 42351104
373.5 47957760
374 50830592
374.5 54352128
375 58522368
375.5 64129024
376 67882240
376.5 71913472
377 74461952
377.5 77103104
378 80902656
378.5 84933888
379 89057792
379.5 93459712
380 96564224
380.5 96656896
381 96656896
381.5 96656896
382 96656896
382.5 96656896
383 96656896
383.5 68461440
384 35122688
384.5 33176576
385 37346816
385.5 42536448
386 46521344
386.5 50506240
387 54815488
387.5 56807936
388 61117184
388.5 65241088
389 68391936
389.5 72608512
390 76408064
390.5 81829376
391 84609536
391.5 86972672
392 91235584
392.5 95498496
393 96656896
393.5 96656896
394 96703232
394.5 96656896
395 96656896
395.5 96656896
396 74485120
396.5 54908160
397 32805888
397.5 36281088
398 39431936
398.5 44667904
399 47818752
399.5 51386624
400 55603200
400.5 61209856
401 64731392
401.5 68716288
402 72052480
402.5 74461952
403 78076160
403.5 81875712
404 85953280
404.5 90169856
405 94618112
405.5 96564224
406 96656896
406.5 96656896
407 96703232
407.5 96656896
408 96656896
408.5 84887552
409 58082176
409.5 41934080
410 34334976
410.5 39292928
411 43416832
411.5 47448064
412 51710976
412.5 53657088
413 58429696
413.5 62414592
414 65194752
414.5 69504000
415 73905920
415.5 79049216
416 82153728
416.5 83914496
417 87992064
417.5 92347648
418 96193536
418.5 96656896
419 96656896
419.5 96656896
420 96656896
420.5 96656896
421 96656896
421.5 75713024
422 39130752
422.5 33130240
423 36420096
423.5 41563392
424 44667904
424.5 48467456
425 52545024
425.5 58244352
426 61812224
426.5 65519104
427 68947968
427.5 72145152
428 75249664
428.5 79002880
429 82895104
429.5 86972672
430 91652608
430.5 95081472
431 96703232
431.5 96656896
432 96656896
432.5 96656896
433 96656896
433.5 96656896
434 71751296
434.5 67094528
435 31276800
435.5 36142080
436 40312320
436.5 44204544
437 48652800
437.5 50645248
438 55325184
438.5 59819776
439 62136576
439.5 66260480
440 71172096
440.5 76269056
441 79605248
441.5 81227008
442 84887552
442.5 89104128
443 93413376
443.5 96564224
444 96656896
444.5 96656896
445 96656896
445.5 96656896
446 96703232
446.5 96656896
447 61418368
447.5 38412544
448 33315584
448.5 38458880
449 41563392
449.5 45409280
450 49718528
450.5 55000832
451 58939392
451.5 62507264
452 65889792
452.5 68994304
453 72932864
453.5 76222720
454 79975936
454.5 83868160
455 88594432
455.5 92440320
456 95498496
456.5 96656896
457 96656896
457.5 96656896
458 96656896
458.5 96656896
459 96703232
459.5 86138624
460 37230976
460.5 32944896
461 37115136
461.5 41192704
462 45455616
462.5 47679744
463 52174336
463.5 56946944
464 59310080
464.5 63155968
465 68067584
465.5 73535232
466 76778752
466.5 78910208
467 81875712
467.5 85953280
468 90169856
468.5 94525440
469 96656896
469.5 96656896
470 96703232
470.5 96656896
471 96656896
471.5 96656896
472 77890816
472.5 73512064
473 29701376
473.5 35169024
474 38551552
474.5 42351104
475 46845696
475.5 51849984
476 55788544
476.5 59680768
477 62877952
477.5 65750784
478 70338048
478.5 73488896
479 77103104
479.5 80948992
480 85675264
480.5 89799168
481 92301312
481.5 96193536
482 96656896
482.5 96703232
483 96656896
483.5 96656896
484 96656896
484.5 96656896
485 70477056
485.5 38389376
486 33917952
486.5 37995520
487 42397440
487.5 44528896
488 49301504
488.5 53657088
489 56622592
489.5 60190464
490 65009408
490.5 70384384
491 73952256
491.5 76778752
492 79002880
492.5 82895104
493 86972672
493.5 91235584
494 95498496
494.5 96656896
495 96656896
495.5 96656896
496 96656896
496.5 96656896
497 96656896
497.5 73720576
498 61047680
498.5 31971840
499 35400704
499.5 39339264
500 43787520
500.5 48884480
501 52591360
501.5 56715264
502 60005120
502.5 62646272
503 67465216
503.5 70616064
504 74415616
504.5 78029824
505 82709760
505.5 87436032
506 89057792
506.5 93459712
507 96564224
507.5 96656896
508 96656896
508.5 96656896
509 96656896
509.5 96656896
510 93089024
510.5 58082176
511 39987968
511.5 34937344
512 39200256
512.5 41424384
513 46289664
513.5 50506240
514 53564416
514.5 57363968
515 62229248
515.5 67233536
516 70894080
516.5 74461952
517 76222720
517.5 79975936
518 83868160
518.5 88038400
519 92301312
519.5 96193536
520 96656896
520.5 96656896
521 96656896
521.5 96703232
522 96656896
522.5 96656896
523 81829376
523.5 37787008
524 32249856
524.5 36281088
525 40868352
525.5 45640960
526 49625856
526.5 53518080
527 57039616
527.5 59680768
528 64638720
528.5 67465216
529 71635456
529.5 75296000
530 80022272
530.5 84794880
531 86092288
531.5 90123520
532 94571776
532.5 96656896
533 96656896
533.5 96656896
534 96656896
534.5 96703232
535 96656896
535.5 70940416
536 74392448
536.5 31740160
537 36003072
537.5 38319872
538 43277824
538.5 47401728
539 50506240
539.5 54352128
540 59495424
540.5 64175360
541 67650560
541.5 71820800
542 73720576
542.5 77149440
543 80902656
543.5 84933888
544 89057792
544.5 93459712
545 96517888
545.5 96703232
546 96656896
546.5 96656896
547 96656896
547.5 96656896
548 96656896
548.5 69596672
549 34497152
549.5 33130240
550 37856512
550.5 42536448
551 46475008
551.5 50506240
552 53935104
552.5 56761600
553 61765888
553.5 64546048
554 68391936
554.5 72608512
555 77381120
555.5 81922048
556 83543808
556.5 86972672
557 91235584
557.5 95498496
558 96656896
558.5 96703232
559 96656896
559.5 96656896
560 96656896
560.5 96656896
561 72747520
561.5 57711488
562 32852224
562.5 35169024
563 40312320
563.5 44158208
564 47540736
564.5 51293952
565 56668928
565.5 61256192
566 64453376
566.5 68762624
567 71172096
567.5 74508288
568 78029824
568.5 81922048
569 85906944
569.5 90169856
570 94664448
570.5 96564224
571 96656896
571.5 96656896
572 96656896
572.5 96656896
573 96656896
573.5 86092288
574 58082176
574.5 41239040
575 34844672
575.5 39339264
576 43324160
576.5 47448064
577 50923264
577.5 53518080
578 59078400
578.5 61719552
579 65194752
579.5 69504000
580 74832640
580.5 79141888
581 81180672
581.5 83868160
582 87992064
582.5 92347648
583 96193536
583.5 96656896
584 96656896
584.5 96656896
585 96656896
585.5 96656896
586 96656896
586.5 76639744
587 39269760
587.5 32064512
588 37254144
588.5 41100032
589 44389888
589.5 48421120
590 53518080
590.5 58337024
591 61441536
591.5 65797120
592 67928576
592.5 72145152
593 75296000
593.5 79002880
594 82895104
594.5 86972672
595 92208640
595.5 94525440
596 96656896
596.5 96656896
597 96656896
597.5 96703232
598 96656896
598.5 96656896
599 69921024
599.5 69480832
600 31693824
600.5 36142080
601 40126976
601.5 44436224
602 47911424
602.5 50367232
603 56066560
603.5 59032064
604 62136576
604.5 66260480
605 72098816
605.5 76408064
606 78817536
606.5 80948992
607 84887552
607.5 89104128
608 93413376
608.5 96564224
609 96656896
609.5 96656896
610 96656896
610.5 96703232
611 96656896
611.5 96656896
612 62669440
612.5 37161472
613 34242304
613.5 37949184
614 41378048
614.5 45316608
615 50645248
615.5 55000832
616 58476032
616.5 62970624
617 64824064
617.5 68994304
618 72979200
618.5 76176384
619 79975936
619.5 83914496
620 89521152
620.5 91467264
621 95544832
621.5 96656896
622 96656896
622.5 96656896
623 96656896
623.5 96656896
624 96656896
624.5 86740992
625 37694336
625.5 32944896
626 36976128
626.5 41239040
627 44853248
627.5 47309056
628 53008384
628.5 56205568
629 59263744
629.5 63109632
630 68947968
630.5 73581568
631 76315392
631.5 78446848
632 81922048
632.5 85906944
633 90169856
633.5 94525440
634 96703232
634.5 96656896
635 96656896
635.5 96656896
636 96656896
636.5 96656896
637 79141888
637.5 73326720
638 29562368
638.5 34752000
639 38366208
639.5 42212096
640 47633408
640.5 51942656
641 55417856
641.5 60005120
642 61858560
642.5 65750784
643 70338048
643.5 73535232
644 77103104
644.5 80948992
645 86509312
645.5 88965120
646 92301312
646.5 96193536
647 96656896
647.5 96656896
648 96656896
648.5 96656896
649 96703232
649.5 96656896
650 71357440
650.5 38482048
651 33825280
651.5 38134528
652 41748736
652.5 44158208
653 49996544
653.5 53054720
654 56483584
654.5 60190464
655 66028800
655.5 70152704
656 73813248
656.5 76130048
657 79002880
657.5 82895104
658 86972672
658.5 91235584
659 95498496
659.5 96656896
660 96656896
660.5 96656896
661 96656896
661.5 96656896
662 96703232
662.5 71936640
663 63712000
663.5 31601152
664 35308032
664.5 39200256
665 44528896
665.5 48745472
666 52452352
666.5 56946944
667 58985728
667.5 62831616
668 67326208
668.5 70569728
669 74415616
669.5 78076160
670 83682816
670.5 86416640
671 89104128
671.5 93413376
672 96564224
672.5 96656896
673 96703232
673.5 96656896
674 96656896
674.5 96656896
675 94247424
675.5 58082176
676 39802624
676.5 34937344
677 38644224
677.5 41192704
678 46845696
678.5 49996544
679 53379072
679.5 57363968
680 63109632
680.5 66909184
681 70847744
681.5 73905920
682 76176384
682.5 79975936
683 83868160
683.5 88038400
684 92301312
684.5 96193536
685 96656896
685.5 96656896
686 96703232
686.5 96656896
687 96656896
687.5 96656896
688 82756096
688.5 37462656
689 32157184
689.5 36234752
690 41424384
690.5 45548288
691 49533184
691.5 53703424
692 56066560
692.5 59912448
693 64546048
693.5 67326208
694 71635456
694.5 75342336
695 80856320
695.5 84053504
696 85906944
696.5 90169856
697 94571776
697.5 96656896
698 96656896
698.5 96656896
699 96656896
699.5 96656896
700 96656896
700.5 72145152
701 74207104
701.5 31786496
702 35493376
702.5 38088192
703 43741184
703.5 46938368
704 50367232
704.5 54398464
705 60283136
705.5 63897344
706 67557888
706.5 71218432
707 73674240
707.5 77149440
708 80902656
708.5 84933888
709 89057792
709.5 93598720
710 96425216
710.5 96656896
711 96656896
711.5 96656896
712 96656896
712.5 96656896
713 96656896
713.5 69643008
714 35053184
714.5 33222912
715 38227200
715.5 42443776
716 46336000
716.5 50691584
717 52915712
717.5 57132288
718 61812224
718.5 64129024
719 68391936
719.5 72886528
720 78076160
720.5 81458688
721 83080448
721.5 86972672
722 91235584
722.5 95498496
723 96656896
723.5 96656896
724 96656896
724.5 96656896
725 96703232
725.5 96656896
726 73905920
726.5 57572480
727 32388864
727.5 35122688
728 40590336
728.5 43741184
729 47448064
729.5 51432960
730 57178624
730.5 60885504
731 64499712
731.5 68113920
732 71172096
732.5 74508288
733 78076160
733.5 81875712
734 85906944
734.5 90355200
735 94479104
735.5 96564224
736 96656896
736.5 96656896
737 96656896
737.5 96656896
738 96703232
738.5 87297024
739 58082176
739.5 40822016
740 35076352
740.5 39200256
741 43370496
741.5 47540736
742 49857536
742.5 54074112
743 59124736
743.5 61163520
744 65194752
744.5 69828352
745 75435008
745.5 78678528
746 80670976
746.5 83914496
747 87992064
747.5 92347648
748 96147200
748.5 96703232
749 96656896
749.5 96656896
750 96656896
750.5 96656896
751 96656896
751.5 77520128
752 39038080
752.5 32110848
753 37393152
753.5 40636672
754 44343552
754.5 48652800
755 53935104
755.5 57920000
756 61673216
756.5 65009408
757 67928576
757.5 72098816
758 75296000
758.5 79002880
759 82895104
759.5 87343360
760 91837952
760.5 94525440
761 96656896
761.5 96703232
762 96656896
762.5 96656896
763 96656896
763.5 96656896
764 71172096
764.5 69156480
765 31879168
765.5 36049408
766 40080640
766.5 44436224
767 46938368
767.5 51108608
768 55927552
768.5 58429696
769 62182912
769.5 66816512
770 72469504
770.5 75898368
771 78400512
771.5 80902656
772 84933888
772.5 89057792
773 93459712
773.5 96564224
774 96656896
774.5 96656896
775 96656896
775.5 96656896
776 96656896
776.5 96656896
777 63874176
777.5 36837120
778 34242304
778.5 37532160
779 41378048
779.5 45640960
780 50830592
780.5 54722816
781 58707712
781.5 62182912
782 64685056
782.5 69364992
783 72608512
783.5 76222720
784 79929600
784.5 84424192
785 89289472
785.5 91235584
786 95498496
786.5 96656896
787 96656896
787.5 96656896
788 96656896
788.5 96656896
789 96656896
789.5 72979200
790 52521856
790.5 32852224
791 37022464
791.5 41331712
792 43741184
792.5 48143104
793 52776704
793.5 55603200
794 59263744
794.5 63851008
795 69272320
795.5 73118208
796 76130048
796.5 78076160
797 81875712
797.5 85953280
798 90169856
798.5 94525440
799 96656896
799.5 96656896
800 96656896
800.5 96703232
801 96656896
801.5 96656896
802 80300288
802.5 60051456
803 42513280
803.5 34381312
804 38319872
804.5 42675456
805 47772416
805.5 51664640
806 55556864
806.5 59310080
807 61673216
807.5 66399488
808 69643008
808.5 73535232
809 77103104
809.5 81644032
810 86740992
810.5 88038400
811 92301312
811.5 96193536
812 96656896
812.5 96656896
813 96656896
813.5 96703232
814 96656896
814.5 96656896
815 72284160
815.5 38621056
816 33825280
816.5 38134528
817 40683008
817.5 45084928
818 49718528
818.5 52498688
819 56390912
819.5 61070848
820 66167808
820.5 69828352
821 73952256
821.5 75296000
822 79002880
822.5 82895104
823 86972672
823.5 91235584
824 95498496
824.5 96703232
825 96656896
825.5 96656896
826 96656896
826.5 96656896
827 96656896
827.5 73141376
828 63387648
828.5 31230464
829 35261696
829.5 39709952
830 44575232
830.5 48606464
831 52498688
831.5 56298240
832 58707712
832.5 63480320
833 66677504
833.5 70616064
834 74415616
834.5 78817536
835 83868160
835.5 85489920
836 89057792
836.5 93459712
837 96517888
837.5 96703232
838 96656896
838.5 96656896
839 96656896
839.5 96656896
840 95498496
840.5 58082176
841 39663616
841.5 34937344
842 37532160
842.5 42073088
843 46567680
843.5 49533184
844 53286400
844.5 58337024
845 63202304
845.5 66584832
846 70986752
846.5 72979200
847 76222720
847.5 79975936
848 83868160
848.5 88038400
849 92301312
849.5 96193536
850 96656896
850.5 96656896
851 96656896
851.5 96656896
852 96656896
852.5 96703232
853 83636480
853.5 37138304
854 32064512
854.5 36744448
855 41470720
855.5 45409280
856 49533184
856.5 53147392
857 55695872
857.5 60653824
858 63804672
858.5 67326208
859 71635456
859.5 76269056
860 80995328
860.5 82987776
861 85906944
861.5 90169856
862 94571776
862.5 96656896
863 96656896
863.5 96656896
864 96656896
864.5 96656896
865 96656896
865.5 73396224
866 74068096
866.5 31740160
867 34427648
867.5 39014912
868 43370496
868.5 46567680
869 50274560
869.5 55371520
870 60283136
870.5 63619328
871 67650560
871.5 70338048
872 73720576
872.5 77103104
873 80948992
873.5 84887552
874 89104128
874.5 93784064
875 96193536
875.5 96656896
876 96656896
876.5 96703232
877 96656896
877.5 96656896
878 96656896
878.5 69596672
879 35655552
879.5 33593600
880 38319872
880.5 42304768
881 46382336
881.5 50228224
882 52452352
882.5 57827328
883 61070848
883.5 64175360
884 68391936
884.5 73720576
885 78215168
885.5 80624640
886 82895104
886.5 86972672
887 91235584
887.5 95498496
888 96656896
888.5 96656896
889 96703232
889.5 96656896
890 96656896
890.5 96656896
891 72168320
891.5 60422144
892 31276800
892.5 36003072
893 40173312
893.5 43463168
894 47355392
894.5 52359680
895 57271296
895.5 60700160
896 64592384
896.5 67140864
897 71172096
897.5 74508288
898 78029824
898.5 81922048
899 85906944
899.5 91328256
