0 2 -1
0.5 1090 70
1 1225 316
1.5 2451 6614
2 613 8983
2.5 621 12520
3 338 14141
3.5 384 15555
4 430 17145
4.5 475 18879
5 518 20733
5.5 561 22813
6 604 25019
6.5 649 27395
7 689 29975
7.5 733 32765
8 779 35751
8.5 821 38891
9 859 42093
9.5 898 45451
10 940 48977
10.5 983 52673
11 1028 56553
11.5 1073 60623
12 1105 64795
12.5 1138 68967
13 1171 73139
13.5 1203 77311
14 1236 81483
14.5 1268 85655
15 1141 89515
15.5 423 92022
16 365 93772
16.5 411 95282
17 457 96972
17.5 501 98844
18 546 100846
18.5 587 102988
19 634 105364
19.5 674 107860
20 715 110500
20.5 759 113318
21 806 116400
21.5 844 119646
22 883 123010
22.5 924 126462
23 966 130084
23.5 1011 133882
24 1057 137868
24.5 1093 142020
25 1125 146192
25.5 1158 150364
26 1191 154536
26.5 1223 158708
27 1256 162880
27.5 1288 167052
28 651 170468
28.5 349 172101
29 394 173537
29.5 438 175119
30 482 176861
30.5 527 178777
31 570 180929
31.5 615 183251
32 659 185741
32.5 701 188399
33 744 191147
33.5 790 194095
34 829 197193
34.5 867 200443
35 907 203853
35.5 949 207439
36 994 211271
36.5 1039 215165
37 1080 219245
37.5 1113 223417
38 1145 227589
38.5 1178 231761
39 1211 235933
39.5 1243 240107
40 1276 244279
40.5 657 247183
41 330 250414
41.5 376 251786
42 422 253340
42.5 467 255076
43 511 256944
43.5 554 258958
44 598 261200
44.5 643 263566
45 683 266084
45.5 725 268778
46 771 271722
46.5 815 274836
47 853 278102
47.5 892 281438
48 933 284932
48.5 976 288596
49 1021 292442
49.5 1068 296474
50 1100 300642
50.5 1133 304814
51 1166 308986
51.5 1198 313158
52 1231 317330
52.5 1263 321504
53 1296 325676
53.5 506 328525
54 359 330091
54.5 404 331537
55 448 333147
55.5 491 334937
56 538 336951
56.5 581 339139
57 627 341495
57.5 669 344031
58 710 346649
58.5 754 349465
59 800 352437
59.5 837 355571
60 876 358859
60.5 916 362323
61 960 366023
61.5 1004 369807
62 1050 373745
62.5 1088 377867
63 1120 382039
63.5 1153 386213
64 1186 390385
64.5 1218 394557
65 1251 398729
65.5 1283 402901
66 356 406012
66.5 341 408396
67 387 409814
67.5 433 411412
68 477 413146
68.5 521 415030
69 564 417140
69.5 608 419372
70 652 421762
70.5 692 424336
71 736 427148
71.5 782 430120
72 824 433272
72.5 862 436506
73 901 439876
73.5 943 443410
74 986 447120
74.5 1032 451012
75 1075 455092
75.5 1108 459264
76 1140 463438
76.5 1173 467610
77 1206 471782
77.5 1238 475954
78 1271 480126
78.5 989 483686
79 280 486224
79.5 369 488061
80 413 489537
80.5 458 491199
81 503 493077
81.5 548 495133
82 591 497353
82.5 638 499755
83 678 502249
83.5 720 504941
84 764 507785
84.5 808 510785
85 846 513957
85.5 885 517307
86 927 520879
86.5 970 524555
87 1014 528355
87.5 1061 532339
88 1095 536491
88.5 1128 540663
89 1160 544835
89.5 1193 549007
90 1226 553179
90.5 1258 557351
91 1291 561523
91.5 652 564713
92 353 566388
92.5 399 567850
93 443 569450
93.5 486 571208
94 532 573180
94.5 574 575282
95 618 577538
95.5 661 579994
96 702 582676
96.5 747 585514
97 794 588522
97.5 832 591664
98 870 594914
98.5 910 598324
99 952 601902
99.5 996 605656
100 1042 609594
100.5 1083 613716
101 1115 617888
101.5 1148 622060
102 1180 626232
102.5 1213 630404
103 1246 634576
103.5 1278 638748
104 520 641870
104.5 334 644689
105 378 646033
105.5 423 647563
106 469 649305
106.5 514 651223
107 558 653313
107.5 602 655585
108 647 657943
108.5 687 660511
109 729 663237
109.5 774 666097
110 816 669143
110.5 854 672379
111 895 675833
111.5 937 679403
112 980 683067
112.5 1025 686913
113 1070 690945
113.5 1103 695113
114 1135 699285
114.5 1168 703457
115 1200 707631
115.5 1233 711803
116 1266 715975
116.5 1298 720147
117 468 722694
117.5 364 724394
118 408 725858
118.5 453 727482
119 496 729322
119.5 541 731288
120 583 733418
120.5 628 735742
121 671 738302
121.5 713 741010
122 758 743880
122.5 804 746892
123 841 750040
123.5 879 753330
124 920 756782
124.5 962 760402
125 1007 764202
125.5 1054 768212
126 1090 772338
126.5 1123 776510
127 1155 780682
127.5 1188 784854
128 1220 789028
128.5 1253 793200
129 1286 797372
129.5 650 801038
130 344 802631
130.5 389 804031
131 434 805635
131.5 479 807421
132 525 809375
132.5 568 811519
133 612 813737
133.5 656 816175
134 696 818789
134.5 739 821515
135 784 824421
135.5 825 827545
136 864 830879
136.5 905 834347
137 946 837883
137.5 990 841591
138 1035 845483
138.5 1078 849563
139 1110 853737
139.5 1143 857909
140 1175 862081
140.5 1208 866253
141 1241 870425
141.5 1273 874597
142 835 877855
142.5 329 881040
143 373 882370
143.5 417 883862
144 463 885562
144.5 506 887396
145 550 889400
145.5 593 891598
146 640 894018
146.5 680 896602
147 723 899344
147.5 768 902220
148 812 905248
148.5 849 908428
149 888 911758
149.5 929 915250
150 972 918916
150.5 1017 922792
151 1064 926810
151.5 1098 930960
152 1130 935134
152.5 1163 939306
153 1195 943478
153.5 1228 947650
154 1261 951822
154.5 1293 955994
155 654 958998
155.5 354 960601
156 400 962069
156.5 445 963715
157 490 965539
157.5 536 967547
158 577 969637
158.5 622 971941
159 665 974435
159.5 705 977035
160 749 979803
160.5 795 982795
161 834 986013
161.5 874 989363
162 914 992795
162.5 956 996373
163 1000 1000127
163.5 1046 1004065
164 1085 1008187
164.5 1118 1012359
165 1150 1016531
165.5 1183 1020703
166 1215 1024875
166.5 1248 1029047
167 1281 1033221
167.5 445 1036426
168 338 1038984
168.5 383 1040346
169 428 1041906
169.5 472 1043610
170 516 1045480
170.5 559 1047554
171 604 1049838
171.5 649 1052288
172 690 1054910
172.5 733 1057654
173 778 1060538
173.5 820 1063614
174 858 1066826
174.5 897 1070194
175 938 1073730
175.5 982 1077476
176 1028 1081382
176.5 1072 1085416
177 1105 1089584
177.5 1138 1093756
178 1170 1097928
178.5 1203 1102100
179 1235 1106272
179.5 1268 1110444
180 1169 1114358
180.5 430 1116865
181 365 1118609
181.5 411 1120119
182 457 1121803
182.5 501 1123677
183 545 1125635
183.5 587 1127813
184 633 1130167
184.5 673 1132651
185 715 1135291
185.5 759 1138153
186 806 1141235
186.5 844 1144469
187 883 1147801
187.5 923 1151253
188 966 1154875
188.5 1010 1158673
189 1057 1162657
189.5 1092 1166809
190 1125 1170981
190.5 1158 1175153
191 1190 1179327
191.5 1223 1183499
192 1255 1187671
192.5 1288 1191843
193 651 1195297
193.5 348 1196932
194 394 1198356
194.5 437 1199926
195 481 1201666
195.5 527 1203610
196 570 1205764
196.5 615 1208078
197 659 1210570
197.5 700 1213190
198 743 1215938
198.5 789 1218890
199 828 1221982
199.5 866 1225232
200 906 1228642
200.5 949 1232266
201 993 1236062
201.5 1039 1239954
202 1080 1244034
202.5 1112 1248206
203 1145 1252378
203.5 1178 1256550
204 1210 1260724
204.5 1243 1264896
205 1275 1269068
205.5 684 1272026
206 330 1275251
206.5 376 1276621
207 421 1278175
207.5 467 1279913
208 510 1281733
208.5 554 1283785
209 597 1286001
209.5 643 1288357
210 682 1290873
210.5 725 1293611
211 771 1296557
211.5 815 1299661
212 853 1302899
212.5 892 1306229
213 933 1309721
213.5 975 1313387
214 1021 1317231
214.5 1067 1321265
215 1100 1325433
215.5 1133 1329605
216 1165 1333777
216.5 1198 1337949
217 1230 1342121
217.5 1263 1346293
218 1295 1350465
218.5 528 1353366
219 359 1354910
219.5 403 1356346
220 447 1357952
220.5 491 1359770
221 538 1361786
221.5 580 1363970
222 626 1366326
222.5 668 1368822
223 709 1371440
223.5 753 1374274
224 799 1377226
224.5 836 1380360
225 875 1383648
225.5 916 1387152
226 959 1390842
226.5 1003 1394596
227 1049 1398534
227.5 1087 1402658
228 1120 1406830
228.5 1153 1411002
229 1185 1415174
229.5 1218 1419346
230 1250 1423518
230.5 1283 1427690
231 370 1430855
231.5 341 1433233
232 387 1434647
232.5 432 1436247
233 476 1437937
233.5 521 1439857
234 563 1441939
234.5 607 1444161
235 651 1446553
235.5 692 1449171
236 736 1451983
236.5 782 1454941
237 823 1458081
237.5 861 1461297
238 901 1464667
238.5 942 1468201
239 985 1471909
239.5 1031 1475801
240 1075 1479883
240.5 1107 1484055
241 1140 1488227
241.5 1173 1492399
242 1205 1496571
242.5 1238 1500745
243 1270 1504917
243.5 1015 1508527
244 302 1511034
244.5 368 1512872
245 412 1514346
245.5 458 1516030
246 502 1517912
246.5 548 1519960
247 591 1522186
247.5 637 1524546
248 677 1527040
248.5 719 1529756
249 763 1532574
249.5 808 1535574
250 845 1538748
250.5 885 1542134
251 927 1545714
251.5 969 1549344
252 1014 1553144
252.5 1060 1557128
253 1095 1561280
253.5 1127 1565452
254 1160 1569624
254.5 1193 1573796
255 1225 1577968
255.5 1258 1582142
256 1290 1586314
256.5 652 1589542
257 353 1591225
257.5 399 1592685
258 441 1594239
258.5 486 1596033
259 531 1597979
259.5 573 1600073
260 617 1602329
260.5 660 1604827
261 702 1607511
261.5 746 1610329
262 793 1613339
262.5 832 1616453
263 870 1619703
263.5 910 1623113
264 952 1626691
264.5 996 1630445
265 1042 1634383
265.5 1082 1638505
266 1115 1642677
266.5 1147 1646851
267 1180 1651023
267.5 1213 1655195
268 1245 1659367
268.5 1278 1663539
269 533 1666711
269.5 333 1669504
270 377 1670844
270.5 423 1672394
271 469 1674140
271.5 513 1676048
272 558 1678148
272.5 601 1680376
273 646 1682734
273.5 687 1685332
274 729 1688026
274.5 773 1690886
275 816 1693932
275.5 854 1697210
276 895 1700664
276.5 936 1704192
277 979 1707856
277.5 1024 1711702
278 1070 1715734
278.5 1102 1719902
279 1135 1724074
279.5 1167 1728248
280 1200 1732420
280.5 1233 1736592
281 1265 1740764
281.5 1298 1744936
282 474 1747537
282.5 363 1749229
283 407 1750647
283.5 452 1752309
284 496 1754123
284.5 540 1756085
285 582 1758213
285.5 628 1760575
286 670 1763137
286.5 712 1765823
287 757 1768703
287.5 803 1771681
288 840 1774831
288.5 879 1778121
289 919 1781573
289.5 961 1785193
290 1006 1788991
290.5 1053 1793007
291 1090 1797129
291.5 1122 1801301
292 1155 1805473
292.5 1187 1809645
293 1220 1813817
293.5 1253 1817989
294 1285 1822161
294.5 649 1825853
295 343 1827444
295.5 388 1828864
296 434 1830468
296.5 479 1832246
297 525 1834206
297.5 567 1836310
298 611 1838528
298.5 655 1840998
299 696 1843580
299.5 738 1846304
300 784 1849210
300.5 825 1852372
301 864 1855704
301.5 904 1859136
302 946 1862672
302.5 989 1866380
303 1035 1870272
303.5 1077 1874354
304 1110 1878526
304.5 1142 1882698
305 1175 1886870
305.5 1208 1891042
306 1240 1895214
306.5 1273 1899386
307 863 1902698
307.5 329 1905877
308 372 1907161
308.5 417 1908689
309 462 1910365
309.5 505 1912197
310 549 1914197
310.5 592 1916429
311 640 1918849
311.5 680 1921421
312 723 1924171
312.5 767 1927009
313 811 1930041
313.5 848 1933219
314 887 1936547
314.5 928 1940041
315 971 1943705
315.5 1017 1947615
316 1064 1951599
316.5 1097 1955751
317 1130 1959923
317.5 1162 1964095
318 1195 1968267
318.5 1228 1972441
319 1260 1976613
319.5 1293 1980785
320 653 1983789
320.5 354 1985436
321 400 1986904
321.5 445 1988544
322 490 1990372
322.5 535 1992340
323 576 1994430
323.5 622 1996762
324 664 1999226
324.5 705 2001824
325 748 2004592
325.5 795 2007626
326 834 2010832
326.5 873 2014172
327 913 2017584
327.5 955 2021162
328 999 2024916
328.5 1045 2028854
329 1085 2032976
329.5 1117 2037148
330 1150 2041320
330.5 1182 2045492
331 1215 2049664
331.5 1248 2053838
332 1280 2058010
332.5 458 2061140
333 337 2063785
333.5 382 2065175
334 427 2066715
334.5 471 2068415
335 515 2070281
335.5 559 2072389
336 604 2074665
336.5 649 2077111
337 690 2079739
337.5 732 2082443
338 778 2085339
338.5 819 2088405
339 857 2091617
339.5 896 2094985
340 938 2098519
340.5 982 2102305
341 1028 2106173
341.5 1072 2110207
342 1105 2114375
342.5 1137 2118547
343 1170 2122719
343.5 1202 2126891
344 1235 2131063
344.5 1268 2135235
345 1194 2139199
345.5 436 2141706
346 365 2143438
346.5 410 2144948
347 457 2146638
347.5 500 2148474
348 544 2150436
348.5 587 2152634
349 632 2154962
349.5 673 2157440
350 714 2160080
350.5 759 2162980
351 805 2166054
351.5 843 2169284
352 882 2172590
352.5 923 2176042
353 965 2179664
353.5 1009 2183462
354 1056 2187448
354.5 1092 2191598
355 1125 2195772
355.5 1157 2199944
356 1190 2204116
356.5 1222 2208288
357 1255 2212460
357.5 1288 2216632
358 651 2220126
358.5 348 2221763
359 393 2223167
359.5 436 2224733
360 480 2226475
360.5 526 2228443
361 570 2230591
361.5 615 2232901
362 659 2235403
362.5 699 2237979
363 742 2240739
363.5 788 2243681
364 828 2246773
364.5 866 2250023
365 906 2253437
365.5 949 2257095
366 993 2260851
366.5 1038 2264743
367 1079 2268825
367.5 1112 2272997
368 1145 2277169
368.5 1177 2281341
369 1210 2285513
369.5 1242 2289685
370 1275 2293857
370.5 709 2296867
371 330 2300084
371.5 376 2301454
372 421 2303010
372.5 466 2304710
373 509 2306538
373.5 554 2308608
374 596 2310802
374.5 642 2313148
375 681 2315674
375.5 725 2318442
376 770 2321372
376.5 814 2324476
377 852 2327690
377.5 891 2331018
378 932 2334510
378.5 975 2338176
379 1020 2342020
379.5 1067 2346054
380 1100 2350222
380.5 1132 2354394
381 1165 2358566
381.5 1197 2362738
382 1230 2366910
382.5 1262 2371082
383 1295 2375254
383.5 555 2378209
384 358 2379725
384.5 402 2381157
385 446 2382769
385.5 491 2384605
386 537 2386613
386.5 580 2388793
387 626 2391159
387.5 667 2393611
388 709 2396249
388.5 753 2399065
389 799 2402017
389.5 836 2405151
390 875 2408449
390.5 916 2411981
391 959 2415633
391.5 1003 2419387
392 1049 2423325
392.5 1087 2427447
393 1120 2431619
393.5 1152 2435791
394 1185 2439965
394.5 1217 2444137
395 1250 2448309
395.5 1283 2452481
396 383 2455696
396.5 341 2458066
397 387 2459482
397.5 431 2461048
398 475 2462750
398.5 520 2464678
399 563 2466742
399.5 606 2468960
400 650 2471360
400.5 692 2474002
401 735 2476796
401.5 782 2479762
402 823 2482872
402.5 860 2486086
403 900 2489456
403.5 941 2492990
404 985 2496700
404.5 1030 2500592
405 1074 2504676
405.5 1107 2508844
406 1140 2513016
406.5 1172 2517188
407 1205 2521362
407.5 1237 2525534
408 1270 2529706
408.5 1043 2533370
409 329 2535877
409.5 367 2537687
410 412 2539169
410.5 458 2540865
411 502 2542739
411.5 547 2544787
412 591 2547019
412.5 636 2549335
413 676 2551857
413.5 718 2554551
414 762 2557365
414.5 807 2560365
415 844 2563555
415.5 884 2566967
416 926 2570513
416.5 968 2574135
417 1013 2577933
417.5 1060 2581919
418 1094 2586071
418.5 1127 2590243
419 1160 2594415
419.5 1192 2598587
420 1225 2602759
420.5 1257 2606931
421 1290 2611103
421.5 652 2614371
422 352 2616060
422.5 397 2617490
423 441 2619062
423.5 485 2620856
424 530 2622784
424.5 572 2624876
425 616 2627144
425.5 660 2629658
426 702 2632326
426.5 746 2635154
427 793 2638130
427.5 831 2641244
428 869 2644492
428.5 909 2647902
429 951 2651480
429.5 995 2655234
430 1041 2659190
430.5 1082 2663294
431 1114 2667468
431.5 1147 2671640
432 1180 2675812
432.5 1212 2679984
433 1245 2684156
433.5 1277 2688328
434 558 2691425
434.5 332 2694321
435 377 2695671
435.5 423 2697231
436 468 2698971
436.5 513 2700879
437 557 2702979
437.5 600 2705165
438 646 2707553
438.5 686 2710135
439 728 2712817
439.5 772 2715677
440 816 2718749
440.5 854 2722041
441 894 2725477
441.5 935 2728983
442 978 2732647
442.5 1023 2736493
443 1069 2740525
443.5 1102 2744693
444 1134 2748865
444.5 1167 2753037
445 1200 2757209
445.5 1232 2761381
446 1265 2765555
446.5 1297 2769727
447 481 2772378
447.5 362 2774036
448 406 2775474
448.5 452 2777134
449 495 2778928
449.5 539 2780888
450 581 2783034
450.5 628 2785408
451 670 2787952
451.5 712 2790650
452 757 2793494
452.5 802 2796472
453 839 2799620
453.5 878 2802910
454 918 2806362
454.5 961 2809982
455 1006 2813806
455.5 1052 2817796
456 1089 2821918
456.5 1122 2826090
457 1154 2830262
457.5 1187 2834434
458 1220 2838606
458.5 1252 2842778
459 1285 2846952
459.5 649 2850670
460 342 2852277
460.5 388 2853699
461 434 2855301
461.5 479 2857079
462 525 2859041
462.5 566 2861099
463 610 2863351
463.5 655 2865809
464 695 2868369
464.5 737 2871095
465 783 2874033
465.5 825 2877207
466 864 2880521
466.5 904 2883927
467 945 2887461
467.5 988 2891171
468 1034 2895063
468.5 1077 2899143
469 1109 2903315
469.5 1142 2907487
470 1175 2911661
470.5 1207 2915833
471 1240 2920005
471.5 1272 2924177
472 888 2927539
472.5 328 2930712
473 371 2931994
473.5 417 2933512
474 461 2935176
474.5 504 2937004
475 549 2939026
475.5 592 2941264
476 639 2943672
476.5 680 2946248
477 722 2948962
477.5 767 2951800
478 811 2954836
478.5 848 2958008
479 887 2961336
479.5 928 2964830
480 971 2968528
480.5 1017 2972404
481 1063 2976388
481.5 1097 2980540
482 1129 2984712
482.5 1162 2988886
483 1195 2993058
483.5 1227 2997230
484 1260 3001402
484.5 1292 3005574
485 653 3008616
485.5 354 3010273
486 400 3011737
486.5 445 3013377
487 489 3015207
487.5 534 3017129
488 576 3019257
488.5 621 3021573
489 663 3024017
489.5 704 3026615
490 748 3029421
490.5 795 3032459
491 834 3035651
491.5 873 3038965
492 913 3042375
492.5 955 3045953
493 999 3049707
493.5 1045 3053645
494 1084 3057767
494.5 1117 3061939
495 1149 3066111
495.5 1182 3070283
496 1215 3074455
496.5 1247 3078627
497 1280 3082799
497.5 471 3085981
498 337 3088616
498.5 382 3089996
499 426 3091524
499.5 470 3093222
500 515 3095112
500.5 559 3097222
501 603 3099492
501.5 649 3101940
502 689 3104530
502.5 732 3107234
503 777 3110146
503.5 819 3113194
504 856 3116406
504.5 896 3119774
505 938 3123344
505.5 982 3127118
506 1027 3130962
506.5 1072 3134996
507 1104 3139164
507.5 1137 3143336
508 1169 3147508
508.5 1202 3151680
509 1235 3155852
509.5 1267 3160024
510 1221 3164042
510.5 443 3166549
511 364 3168275
511.5 410 3169783
512 456 3171475
512.5 499 3173263
513 543 3175261
513.5 586 3177441
514 631 3179753
514.5 672 3182229
515 714 3184915
515.5 759 3187817
516 805 3190877
516.5 843 3194091
517 881 3197381
517.5 922 3200833
518 964 3204453
518.5 1009 3208253
519 1056 3212237
519.5 1092 3216389
520 1124 3220561
520.5 1157 3224733
521 1189 3228905
521.5 1222 3233079
522 1255 3237251
522.5 1287 3241423
523 651 3244955
523.5 347 3246586
524 392 3247978
524.5 436 3249544
525 480 3251308
525.5 526 3253278
526 569 3255420
526.5 614 3257730
527 658 3260192
527.5 698 3262768
528 742 3265558
528.5 787 3268470
529 827 3271562
529.5 865 3274812
530 905 3278266
530.5 948 3281926
531 992 3285642
531.5 1038 3289532
532 1079 3293614
532.5 1112 3297786
533 1144 3301958
533.5 1177 3306130
534 1209 3310302
534.5 1242 3314476
535 1275 3318648
535.5 737 3321710
536 330 3324921
536.5 375 3326291
537 421 3327845
537.5 465 3329499
538 509 3331367
538.5 553 3333413
539 595 3335593
539.5 641 3337939
540 681 3340507
540.5 724 3343277
541 770 3346197
541.5 814 3349297
542 851 3352479
542.5 890 3355809
543 931 3359301
543.5 974 3362967
544 1019 3366811
544.5 1067 3370845
545 1099 3375011
545.5 1132 3379185
546 1164 3383357
546.5 1197 3387529
547 1229 3391701
547.5 1262 3395873
548 1295 3400045
548.5 657 3403049
549 357 3404538
549.5 402 3405968
550 446 3407602
550.5 491 3409438
551 537 3411444
551.5 580 3413624
552 625 3415952
552.5 667 3418402
553 708 3421068
553.5 752 3423854
554 798 3426806
554.5 835 3429940
555 874 3433280
555.5 916 3436816
556 958 3440422
556.5 1002 3444176
557 1048 3448114
557.5 1087 3452236
558 1119 3456408
558.5 1152 3460582
559 1184 3464754
559.5 1217 3468926
560 1250 3473098
560.5 1282 3477270
561 396 3480410
561.5 341 3482901
562 387 3484319
562.5 430 3485837
563 475 3487577
563.5 519 3489483
564 562 3491535
564.5 605 3493749
565 650 3496195
565.5 692 3498839
566 735 3501621
566.5 781 3504589
567 822 3507661
567.5 860 3510877
568 899 3514245
568.5 941 3517781
569 984 3521489
569.5 1030 3525381
570 1074 3529467
570.5 1107 3533635
571 1139 3537807
571.5 1172 3541979
572 1204 3546151
572.5 1237 3550323
573 1270 3554495
573.5 1068 3558211
574 354 3560718
574.5 366 3562498
575 412 3564002
575.5 458 3565700
576 502 3567570
576.5 547 3569618
577 590 3571816
577.5 635 3574126
578 676 3576676
578.5 718 3579340
579 762 3582154
579.5 806 3585154
580 844 3588384
580.5 884 3591800
581 925 3595304
581.5 968 3598924
582 1012 3602722
582.5 1059 3606708
583 1094 3610860
583.5 1127 3615032
584 1159 3619204
584.5 1192 3623376
585 1224 3627548
585.5 1257 3631720
586 1290 3635892
586.5 652 3639200
587 352 3640895
587.5 396 3642279
588 440 3643887
588.5 484 3645661
589 529 3647577
589.5 571 3649667
590 616 3651977
590.5 660 3654495
591 702 3657147
591.5 746 3659987
592 792 3662919
592.5 830 3666033
593 869 3669283
593.5 909 3672693
594 950 3676271
594.5 994 3680025
595 1041 3684005
595.5 1081 3688085
596 1114 3692257
596.5 1147 3696429
597 1179 3700601
597.5 1212 3704775
598 1244 3708947
598.5 1277 3713119
599 584 3716137
599.5 331 3719136
600 377 3720504
600.5 422 3722064
601 468 3723796
601.5 513 3725714
602 557 3727782
602.5 599 3729956
603 645 3732376
603.5 685 3734924
604 727 3737606
604.5 772 3740466
605 815 3743578
605.5 854 3746876
606 894 3750278
606.5 935 3753772
607 978 3757436
607.5 1023 3761282
608 1069 3765314
608.5 1101 3769482
609 1134 3773654
609.5 1167 3777826
610 1199 3781998
610.5 1232 3786172
611 1264 3790344
611.5 1297 3794516
612 488 3797221
612.5 361 3798825
613 406 3800303
613.5 451 3801941
614 494 3803727
614.5 538 3805683
615 581 3807869
615.5 628 3810243
616 670 3812767
616.5 712 3815485
617 756 3818283
617.5 802 3821261
618 839 3824411
618.5 877 3827699
619 918 3831151
619.5 960 3834773
620 1005 3838637
620.5 1052 3842585
621 1089 3846709
621.5 1121 3850881
622 1154 3855053
622.5 1187 3859225
623 1219 3863397
623.5 1252 3867569
624 1284 3871741
624.5 419 3875485
625 342 3877112
625.5 388 3878534
626 433 3880130
626.5 478 3881910
627 524 3883846
627.5 565 3885888
628 610 3888176
628.5 654 3890602
629 694 3893160
629.5 737 3895884
630 783 3898860
630.5 825 3902036
631 863 3905330
631.5 903 3908716
632 944 3912252
632.5 988 3915960
633 1033 3919852
633.5 1076 3923932
634 1109 3928106
634.5 1142 3932278
635 1174 3936450
635.5 1207 3940622
636 1239 3944794
636.5 1272 3948966
637 916 3952382
637.5 254 3955547
638 371 3956823
638.5 416 3958323
639 460 3959979
639.5 503 3961801
640 548 3963857
640.5 592 3966099
641 639 3968491
641.5 680 3971081
642 721 3973751
642.5 766 3976589
643 810 3979625
643.5 847 3982799
644 886 3986127
644.5 927 3989621
645 971 3993355
645.5 1016 3997195
646 1063 4001179
646.5 1096 4005331
647 1129 4009503
647.5 1162 4013675
648 1194 4017847
648.5 1227 4022019
649 1259 4026193
649.5 1292 4030365
650 653 4033445
650.5 354 4035106
651 399 4036566
651.5 445 4038212
652 489 4040014
652.5 533 4041920
653 575 4044078
653.5 620 4046368
654 662 4048806
654.5 703 4051404
655 747 4054254
655.5 795 4057282
656 834 4060468
656.5 872 4063754
657 912 4067164
657.5 954 4070742
658 998 4074496
658.5 1044 4078434
659 1084 4082556
659.5 1116 4086728
660 1149 4090900
660.5 1182 4095072
661 1214 4099244
661.5 1247 4103416
662 1279 4107590
662.5 484 4110695
663 336 4113445
663.5 381 4114809
664 425 4116333
664.5 469 4118025
665 514 4119947
665.5 559 4122051
666 603 4124315
666.5 649 4126773
667 689 4129319
667.5 731 4132031
668 776 4134937
668.5 818 4137983
669 856 4141195
669.5 895 4144565
670 938 4148177
670.5 981 4151907
671 1026 4155753
671.5 1071 4159785
672 1104 4163953
672.5 1136 4168125
673 1169 4172299
673.5 1202 4176471
674 1234 4180643
674.5 1267 4184815
675 1247 4188883
675.5 449 4191390
676 364 4193108
676.5 410 4194616
677 456 4196284
677.5 498 4198062
678 543 4200084
678.5 585 4202242
679 630 4204546
679.5 671 4207022
680 713 4209746
680.5 759 4212634
681 805 4215692
681.5 842 4218882
682 881 4222170
682.5 921 4225622
683 964 4229242
683.5 1008 4233042
684 1055 4237026
684.5 1091 4241178
685 1124 4245350
685.5 1156 4249522
686 1189 4253696
686.5 1222 4257868
687 1254 4262040
687.5 1287 4266212
688 650 4269784
688.5 346 4271401
689 391 4272789
689.5 435 4274353
690 480 4276141
690.5 526 4278107
691 569 4280245
691.5 614 4282563
692 657 4284983
692.5 698 4287569
693 741 4290355
693.5 787 4293261
694 826 4296353
694.5 864 4299605
695 905 4303095
695.5 948 4306723
696 991 4310431
696.5 1037 4314323
697 1079 4318405
697.5 1111 4322577
698 1144 4326749
698.5 1176 4330921
699 1209 4335093
699.5 1242 4339265
700 1274 4343437
700.5 762 4346551
701 329 4349754
701.5 375 4351126
702 420 4352658
702.5 464 4354302
703 508 4356190
703.5 552 4358216
704 595 4360390
704.5 640 4362738
705 681 4365340
705.5 724 4368098
706 770 4371014
706.5 813 4374088
707 851 4377268
707.5 890 4380598
708 931 4384090
708.5 974 4387756
709 1019 4391600
709.5 1066 4395640
710 1099 4399802
710.5 1131 4403974
711 1164 4408146
711.5 1196 4412318
712 1229 4416490
712.5 1262 4420662
713 1294 4424834
713.5 656 4427840
714 356 4429353
714.5 401 4430787
715 446 4432437
715.5 491 4434269
716 537 4436269
716.5 580 4438457
717 624 4440741
717.5 666 4443207
718 708 4445875
718.5 751 4448643
719 797 4451595
719.5 835 4454741
720 874 4458111
720.5 915 4461627
721 957 4465213
721.5 1001 4468967
722 1048 4472905
722.5 1086 4477027
723 1119 4481199
723.5 1151 4485371
724 1184 4489543
724.5 1217 4493715
725 1249 4497889
725.5 1282 4502061
726 409 4505251
726.5 340 4507736
727 386 4509134
727.5 429 4510650
728 474 4512402
728.5 518 4514290
729 561 4516338
729.5 604 4518558
730 650 4521026
730.5 691 4523654
731 735 4526438
731.5 781 4529378
732 822 4532450
732.5 859 4535666
733 899 4539036
733.5 940 4542570
734 984 4546278
734.5 1029 4550178
735 1074 4554256
735.5 1106 4558424
736 1139 4562596
736.5 1171 4566768
737 1204 4570940
737.5 1237 4575112
738 1269 4579286
738.5 1095 4583054
739 381 4585561
739.5 366 4587323
740 411 4588837
740.5 458 4590529
741 501 4592401
741.5 547 4594453
742 589 4596605
742.5 635 4598939
743 676 4601491
743.5 717 4604131
744 761 4606945
744.5 806 4609959
745 844 4613215
745.5 884 4616611
746 925 4620093
746.5 967 4623715
747 1012 4627513
747.5 1058 4631499
748 1094 4635649
748.5 1126 4639823
749 1159 4643995
749.5 1191 4648167
750 1224 4652339
750.5 1257 4656511
751 1289 4660683
751.5 652 4664029
752 351 4665714
752.5 395 4667100
753 440 4668714
753.5 484 4670468
754 528 4672382
754.5 570 4674482
755 616 4676810
755.5 660 4679310
756 701 4681972
756.5 745 4684778
757 791 4687710
757.5 830 4690822
758 868 4694072
758.5 908 4697482
759 950 4701060
759.5 994 4704830
760 1040 4708794
760.5 1081 4712874
761 1114 4717046
761.5 1146 4721220
762 1179 4725392
762.5 1211 4729564
763 1244 4733736
763.5 1277 4737908
764 610 4740980
764.5 331 4743965
765 377 4745341
765.5 422 4746897
766 468 4748627
766.5 513 4750545
767 556 4752571
767.5 599 4754777
768 645 4757191
768.5 684 4759713
769 726 4762397
769.5 771 4765281
770 815 4768409
770.5 854 4771685
771 893 4775069
771.5 934 4778561
772 977 4782227
772.5 1022 4786071
773 1068 4790105
773.5 1101 4794273
774 1134 4798445
774.5 1166 4802617
775 1199 4806789
775.5 1231 4810961
776 1264 4815133
776.5 1297 4819305
777 494 4822062
777.5 360 4823652
778 406 4825130
778.5 450 4826750
779 493 4828536
779.5 538 4830506
780 581 4832700
780.5 627 4835062
781 669 4837596
781.5 711 4840280
782 755 4843072
782.5 801 4846066
783 838 4849200
783.5 877 4852490
784 917 4855940
784.5 960 4859584
785 1005 4863438
785.5 1051 4867376
786 1088 4871498
786.5 1121 4875670
787 1154 4879842
787.5 1186 4884014
788 1219 4888186
788.5 1251 4892358
789 1284 4896530
789.5 334 4899680
790 342 4901947
790.5 388 4903365
791 433 4904963
791.5 478 4906747
792 523 4908635
792.5 565 4910713
793 609 4912991
793.5 653 4915391
794 693 4917949
794.5 736 4920705
795 783 4923695
795.5 824 4926851
796 863 4930137
796.5 902 4933507
797 944 4937041
797.5 987 4940751
798 1033 4944643
798.5 1076 4948723
799 1109 4952895
799.5 1141 4957067
800 1174 4961239
800.5 1206 4965413
801 1239 4969585
801.5 1271 4973757
802 942 4977223
802.5 257 4979815
803 371 4981650
803.5 415 4983134
804 460 4984788
804.5 503 4986630
805 548 4988692
805.5 592 4990922
806 639 4993320
806.5 679 4995880
807 721 4998542
807.5 765 5001408
808 809 5004414
808.5 847 5007588
809 886 5010916
809.5 927 5014440
810 971 5018184
810.5 1015 5021984
811 1062 5025968
811.5 1096 5030120
812 1129 5034292
812.5 1161 5038464
813 1194 5042636
813.5 1226 5046810
814 1259 5050982
814.5 1292 5055154
815 653 5058274
815.5 353 5059941
816 399 5061401
816.5 444 5063047
817 487 5064803
817.5 533 5066749
818 575 5068895
818.5 619 5071161
819 662 5073595
819.5 703 5076231
820 747 5079087
820.5 794 5082101
821 833 5085293
821.5 871 5088543
822 911 5091953
822.5 953 5095531
823 997 5099285
823.5 1043 5103223
824 1083 5107345
824.5 1116 5111519
825 1149 5115691
825.5 1181 5119863
826 1214 5124035
826.5 1246 5128207
827 1279 5132379
827.5 497 5135536
828 336 5138272
828.5 380 5139620
829 424 5141142
829.5 469 5142856
830 514 5144780
830.5 558 5146878
831 603 5149144
831.5 648 5151574
832 688 5154108
832.5 731 5156848
833 776 5159726
833.5 818 5162774
834 855 5165986
834.5 895 5169388
835 937 5173008
835.5 981 5176698
836 1026 5180542
836.5 1071 5184576
837 1103 5188742
837.5 1136 5192916
838 1169 5197088
838.5 1201 5201260
839 1234 5205432
839.5 1266 5209604
840 1274 5213726
840.5 456 5216233
841 364 5217945
841.5 410 5219453
842 454 5221073
842.5 497 5222889
843 542 5224899
843.5 584 5227037
844 629 5229337
844.5 671 5231855
845 713 5234583
845.5 758 5237457
846 805 5240521
846.5 842 5243671
847 880 5246961
847.5 921 5250413
848 963 5254033
848.5 1008 5257833
849 1054 5261817
849.5 1091 5265969
850 1123 5270141
850.5 1156 5274313
851 1189 5278485
851.5 1221 5282657
852 1254 5286829
852.5 1286 5291003
853 650 5294613
853.5 345 5296216
854 390 5297600
854.5 434 5299186
855 480 5300976
855.5 526 5302936
856 569 5305074
856.5 613 5307368
857 656 5309772
857.5 697 5312390
858 740 5315144
858.5 786 5318050
859 826 5321142
859.5 864 5324434
860 905 5327930
860.5 947 5331512
861 991 5335220
861.5 1036 5339112
862 1078 5343194
862.5 1111 5347366
863 1143 5351538
863.5 1176 5355710
864 1209 5359882
864.5 1241 5364054
865 1274 5368226
865.5 790 5371394
866 329 5374591
866.5 375 5375961
867 419 5377447
867.5 464 5379131
868 508 5381003
868.5 551 5383013
869 594 5385183
869.5 640 5387573
870 681 5390175
870.5 724 5392921
871 769 5395841
871.5 813 5398877
872 850 5402059
872.5 889 5405387
873 930 5408881
873.5 973 5412545
874 1018 5416391
874.5 1066 5420439
875 1098 5424591
875.5 1131 5428763
876 1163 5432935
876.5 1196 5437109
877 1229 5441281
877.5 1261 5445453
878 1294 5449625
878.5 656 5452629
879 355 5454168
879.5 401 5455618
880 446 5457272
880.5 490 5459098
881 537 5461100
881.5 579 5463268
882 623 5465532
882.5 666 5468028
883 707 5470664
883.5 750 5473434
884 796 5476386
884.5 835 5479568
885 874 5482944
885.5 915 5486424
886 957 5490002
886.5 1001 5493756
887 1047 5497694
887.5 1086 5501816
888 1118 5505988
888.5 1151 5510160
889 1184 5514334
889.5 1216 5518506
890 1249 5522678
890.5 1281 5526850
891 422 5529965
891.5 340 5532573
892 384 5533923
892.5 429 5535477
893 473 5537211
893.5 517 5539087
894 560 5541131
894.5 604 5543391
895 650 5545863
895.5 691 5548483
896 735 5551271
896.5 780 5554169
897 821 5557241
897.5 859 5560457
898 898 5563825
898.5 940 5567361
899 983 5571069
899.5 1029 5575011
