0 -23168
0.5 162176
1 1019392
1.5 5235968
2 26411520
2.5 54977664
3 46984704
3.5 47123712
4 47309056
4.5 47494400
5 47448064
5.5 49023488
6 47772416
6.5 47679744
7 48374784
7.5 48560128
8 48745472
8.5 48930816
9 49162496
9.5 49069824
10 49023488
10.5 50830592
11 49533184
11.5 49486848
12 50181888
12.5 50413568
13 50552576
13.5 50737920
14 50691584
14.5 50691584
15 50830592
15.5 52637696
16 51340288
16.5 51293952
17 51988992
17.5 52220672
18 52359680
18.5 52313344
19 52267008
19.5 52498688
20 52637696
20.5 54444800
21 53147392
21.5 53101056
22 53796096
22.5 53981440
23 53981440
23.5 53888768
24 54120448
24.5 54259456
25 54444800
25.5 56298240
26 54908160
26.5 54954496
27 55603200
27.5 55556864
28 55510528
28.5 55742208
29 55881216
29.5 56112896
30 56251904
30.5 58105344
31 56668928
31.5 56807936
32 57178624
32.5 57132288
33 57317632
33.5 57549312
34 57688320
34.5 57920000
35 58059008
35.5 59912448
36 58476032
36.5 58383360
37 58754048
37.5 58939392
38 59124736
38.5 59310080
39 59541760
39.5 59680768
40 59912448
40.5 61719552
41 59912448
41.5 60097792
42 60561152
42.5 60792832
43 60931840
43.5 61117184
44 61302528
44.5 61534208
45 61719552
45.5 63526656
46 61256192
46.5 61904896
47 62368256
47.5 62553600
48 62785280
48.5 62924288
49 63109632
49.5 63294976
50 63248640
50.5 65241088
51 63016960
51.5 63712000
52 64175360
52.5 64360704
53 64592384
53.5 64731392
54 64916736
54.5 64870400
55 64824064
55.5 67048192
56 64824064
56.5 65519104
57 65982464
57.5 66167808
58 66353152
58.5 66584832
59 66677504
59.5 66306816
60 66631168
60.5 68808960
61 66631168
61.5 67326208
62 67789568
62.5 68021248
63 68160256
63.5 68345600
64 68067584
64.5 68113920
65 68438272
65.5 70616064
66 68391936
66.5 69179648
67 69596672
67.5 69782016
68 70013696
68.5 69782016
69 69782016
69.5 69921024
70 70245376
70.5 72423168
71 70199040
71.5 70986752
72 71403776
72.5 71589120
73 71542784
73.5 71403776
74 71542784
74.5 71774464
75 72052480
75.5 74183936
76 72052480
76.5 72793856
77 73210880
77.5 73303552
78 73025536
78.5 73164544
79 73396224
79.5 73535232
80 73905920
80.5 75991040
81 73813248
81.5 74600960
82 75017984
82.5 74693632
83 74786304
83.5 75017984
84 75156992
84.5 75388672
85 75713024
85.5 77751808
86 75666688
86.5 76408064
87 76408064
87.5 76454400
88 76593408
88.5 76825088
89 76964096
89.5 77149440
90 77566464
90.5 79558912
91 77473792
91.5 77937152
92 78029824
92.5 78215168
93 78446848
93.5 78585856
94 78817536
94.5 78956544
95 79373568
95.5 81134336
96 79234560
96.5 79558912
97 79836928
97.5 80068608
98 80207616
98.5 80439296
99 80578304
99.5 80809984
100 81180672
100.5 82478080
101 80995328
101.5 81412352
102 81644032
102.5 81829376
103 82061056
103.5 82200064
104 82431744
104.5 82570752
105 83034112
105.5 83821824
106 82802432
106.5 83219456
107 83451136
107.5 83636480
108 83821824
108.5 84053504
109 84192512
109.5 84285184
110 84563200
110.5 85536256
111 84655872
111.5 85026560
112 85258240
112.5 85443584
113 85628928
113.5 85860608
114 85767936
114.5 85906944
115 86370304
115.5 87343360
116 86416640
116.5 86833664
117 87065344
117.5 87297024
118 87389696
118.5 87297024
119 87528704
119.5 87667712
120 88223744
120.5 89104128
121 88270080
121.5 88640768
122 88872448
122.5 88872448
123 88965120
123.5 89104128
124 89289472
124.5 89521152
125 90030848
125.5 90911232
126 90030848
126.5 90447872
127 90355200
127.5 90586880
128 90725888
128.5 90957568
129 91096576
129.5 91328256
130 91837952
130.5 92532992
131 91837952
131.5 91976960
132 92208640
132.5 92347648
133 92579328
133.5 92718336
134 92950016
134.5 93089024
135 93691392
135.5 93876736
136 93598720
136.5 93830400
137 93969408
137.5 94201088
138 94340096
138.5 94571776
139 94710784
139.5 94896128
140 95498496
140.5 95266816
141 95405824
141.5 95637504
142 95776512
142.5 95961856
143 96193536
143.5 96332544
144 96564224
144.5 96656896
145 96656896
145.5 96656896
146 96656896
146.5 96656896
147 96656896
147.5 96703232
148 96656896
148.5 96656896
149 96656896
149.5 96656896
150 96656896
150.5 96656896
151 96656896
151.5 96656896
152 96703232
152.5 96656896
153 96656896
153.5 96656896
154 96656896
154.5 96656896
155 96656896
155.5 96656896
156 96656896
156.5 96703232
157 96656896
157.5 96656896
158 96656896
158.5 96656896
159 96656896
159.5 96656896
160 96656896
160.5 96656896
161 96703232
161.5 96656896
162 96656896
162.5 96656896
163 96656896
163.5 96656896
164 96656896
164.5 96656896
165 96703232
165.5 96656896
166 96656896
166.5 96656896
167 96656896
167.5 96656896
168 96656896
168.5 96656896
169 96656896
169.5 96703232
170 96656896
170.5 96656896
171 96656896
171.5 96656896
172 96656896
172.5 96656896
173 96656896
173.5 96656896
174 96703232
174.5 96656896
175 96656896
175.5 96656896
176 96656896
176.5 96656896
177 96656896
177.5 96656896
178 96703232
178.5 96656896
179 96656896
179.5 96656896
180 96656896
180.5 96656896
181 96656896
181.5 96656896
182 96656896
182.5 96703232
183 96656896
183.5 96656896
184 96656896
184.5 96656896
185 96656896
185.5 96656896
186 96656896
186.5 96656896
187 96703232
187.5 96656896
188 96656896
188.5 96656896
189 96656896
189.5 96656896
190 96656896
190.5 96656896
191 96656896
191.5 96703232
192 96656896
192.5 96656896
193 96656896
193.5 96656896
194 96656896
194.5 96656896
195 96656896
195.5 96703232
196 96656896
196.5 96656896
197 96656896
197.5 96656896
198 96656896
198.5 96656896
199 96656896
199.5 96656896
200 96703232
200.5 96656896
201 96656896
201.5 96656896
202 96656896
202.5 96656896
203 96656896
203.5 96656896
204 96656896
204.5 96703232
205 96656896
205.5 96656896
206 96656896
206.5 96656896
207 96656896
207.5 96656896
208 96656896
208.5 96703232
209 96656896
209.5 96656896
210 96656896
210.5 96656896
211 96656896
211.5 96656896
212 96656896
212.5 96656896
213 96703232
213.5 96656896
214 96656896
214.5 96656896
215 96656896
215.5 96656896
216 96656896
216.5 96656896
217 96656896
217.5 96703232
218 96656896
218.5 96656896
219 96656896
219.5 96656896
220 96656896
220.5 96656896
221 96656896
221.5 96656896
222 96703232
222.5 96656896
223 96656896
223.5 96656896
224 96656896
224.5 96656896
225 96656896
225.5 96656896
226 96703232
226.5 96656896
227 96656896
227.5 96656896
228 96656896
228.5 96656896
229 96656896
229.5 96656896
230 96656896
230.5 96703232
231 96656896
231.5 96656896
232 96656896
232.5 96656896
233 96656896
233.5 96656896
234 96656896
234.5 96656896
235 96703232
235.5 96656896
236 96656896
236.5 96656896
237 96656896
237.5 96656896
238 96656896
238.5 96656896
239 96703232
239.5 96656896
240 96656896
240.5 96656896
241 96656896
241.5 96656896
242 96656896
242.5 96656896
243 96656896
243.5 96703232
244 96656896
244.5 96656896
245 96656896
245.5 96656896
246 96656896
246.5 96656896
247 96656896
247.5 96656896
248 96703232
248.5 96656896
249 96656896
249.5 96656896
250 96656896
250.5 96656896
251 96656896
251.5 96656896
252 96703232
252.5 96656896
253 96656896
253.5 96656896
254 96656896
254.5 96656896
255 96656896
255.5 96656896
256 96656896
256.5 96703232
257 96656896
257.5 96656896
258 96656896
258.5 96656896
259 96656896
259.5 96656896
260 96656896
260.5 96656896
261 96703232
261.5 96656896
262 96656896
262.5 96656896
263 96656896
263.5 96656896
264 96656896
264.5 96656896
265 96656896
265.5 96703232
266 96656896
266.5 96656896
267 96656896
267.5 75852032
268 58429696
268.5 57502976
269 57827328
269.5 59171072
270 59310080
270.5 59495424
271 59680768
271.5 59866112
272 60097792
272.5 60236800
273 59727104
273.5 59356416
274 59634432
274.5 60931840
275 61117184
275.5 61348864
276 61487872
276.5 61673216
277 61858560
277.5 62090240
278 61070848
278.5 61117184
279 61487872
279.5 62738944
280 62924288
280.5 63155968
281 63294976
281.5 63480320
282 63665664
282.5 63526656
283 62785280
283.5 62924288
284 63294976
284.5 64546048
285 64731392
285.5 64963072
286 65102080
286.5 65287424
287 65472768
287.5 64916736
288 64546048
288.5 64777728
289 65102080
289.5 66353152
290 66538496
290.5 66723840
291 66909184
291.5 67140864
292 67279872
292.5 66214144
293 66353152
293.5 66584832
294 66909184
294.5 68160256
295 68391936
295.5 68530944
296 68716288
296.5 68901632
297 68669952
297.5 68021248
298 68160256
298.5 68391936
299 68716288
299.5 69967360
300 70199040
300.5 70338048
301 70523392
301.5 70477056
302 70245376
302.5 69828352
303 69967360
303.5 70199040
304 70523392
304.5 71774464
305 72006144
305.5 72145152
306 72098816
306.5 72052480
307 72098816
307.5 71589120
308 71820800
308.5 71959808
309 72376832
309.5 73581568
310 73766912
310.5 73720576
311 73674240
311.5 73905920
312 73859584
312.5 73396224
313 73627904
313.5 73766912
314 74183936
314.5 75435008
315 75342336
315.5 75296000
316 75481344
316.5 75713024
317 75666688
317.5 75203328
318 75435008
318.5 75574016
319 75991040
319.5 76964096
320 76964096
320.5 77103104
321 77288448
321.5 77520128
322 77473792
322.5 77010432
323 77195776
323.5 77334784
324 77659136
324.5 78539520
325 78771200
325.5 78910208
326 79141888
326.5 79280896
327 78863872
327.5 78771200
328 79002880
328.5 79141888
329 79512576
329.5 80346624
330 80531968
330.5 80763648
331 80902656
331.5 80902656
332 80439296
332.5 80578304
333 80809984
333.5 80948992
334 81319680
334.5 82153728
335 82339072
335.5 82570752
336 82709760
336.5 82246400
337 82246400
337.5 82385408
338 82617088
338.5 82756096
339 83126784
339.5 83960832
340 84146176
340.5 84331520
341 84331520
341.5 83868160
342 84007168
342.5 84238848
343 84377856
343.5 84563200
344 84933888
344.5 85814272
345 85953280
345.5 86138624
346 85628928
346.5 85675264
347 85814272
347.5 86045952
348 86184960
348.5 86416640
349 86740992
349.5 87575040
350 87806720
350.5 87667712
351 87250688
351.5 87482368
352 87621376
352.5 87853056
353 87992064
353.5 88223744
354 88548096
354.5 89382144
355 89613824
355.5 89011456
356 89057792
356.5 89289472
357 89428480
357.5 89660160
358 89799168
358.5 90030848
359 90355200
359.5 91189248
360 91096576
360.5 90679552
361 90911232
361.5 91050240
362 91235584
362.5 91467264
363 91606272
363.5 91837952
364 92162304
364.5 93042688
365 92393984
365.5 92486656
366 92718336
366.5 92857344
367 93089024
367.5 93228032
368 93459712
368.5 93598720
369 94015744
369.5 94432768
370 94154752
370.5 94293760
371 94525440
371.5 94664448
372 94896128
372.5 95035136
373 95266816
373.5 95405824
374 95822848
374.5 95776512
375 95961856
375.5 96100864
376 96332544
376.5 96471552
377 96656896
377.5 96656896
378 96656896
378.5 96656896
379 96656896
379.5 96656896
380 96703232
380.5 96656896
381 96656896
381.5 96656896
382 96656896
382.5 96656896
383 96656896
383.5 96656896
384 96656896
384.5 96703232
385 96656896
385.5 96656896
386 96656896
386.5 96656896
387 96656896
387.5 96656896
388 96656896
388.5 96656896
389 96703232
389.5 96656896
390 96656896
390.5 96656896
391 96656896
391.5 96656896
392 96656896
392.5 96656896
393 96703232
393.5 96656896
394 96656896
394.5 96656896
395 96656896
395.5 96656896
396 96656896
396.5 96656896
397 96656896
397.5 96703232
398 96656896
398.5 96656896
399 96656896
399.5 96656896
400 96656896
400.5 96656896
401 96656896
401.5 96656896
402 96703232
402.5 96656896
403 96656896
403.5 96656896
404 96656896
404.5 96656896
405 96656896
405.5 96656896
406 96703232
406.5 96656896
407 96656896
407.5 96656896
408 96656896
408.5 96656896
409 96656896
409.5 96656896
410 96656896
410.5 96703232
411 96656896
411.5 96656896
412 96656896
412.5 96656896
413 96656896
413.5 96656896
414 96656896
414.5 96656896
415 96703232
415.5 96656896
416 96656896
416.5 96656896
417 96656896
417.5 96656896
418 96656896
418.5 96656896
419 96703232
419.5 96656896
420 96656896
420.5 96656896
421 96656896
421.5 96656896
422 96656896
422.5 96656896
423 96656896
423.5 96703232
424 96656896
424.5 96656896
425 96656896
425.5 96656896
426 96656896
426.5 96656896
427 96656896
427.5 96656896
428 96703232
428.5 96656896
429 96656896
429.5 96656896
430 96656896
430.5 96656896
431 96656896
431.5 96656896
432 96656896
432.5 96703232
433 96656896
433.5 96656896
434 96656896
434.5 96656896
435 96656896
435.5 96656896
436 96656896
436.5 96703232
437 96656896
437.5 96656896
438 96656896
438.5 96656896
439 96656896
439.5 96656896
440 96656896
440.5 96656896
441 96703232
441.5 96656896
442 96656896
442.5 96656896
443 96656896
443.5 96656896
444 96656896
444.5 96656896
445 96656896
445.5 96703232
446 96656896
446.5 96656896
447 96656896
447.5 96656896
448 96656896
448.5 96656896
449 96656896
449.5 96703232
450 96656896
450.5 96656896
451 96656896
451.5 96656896
452 96656896
452.5 96656896
453 96656896
453.5 96656896
454 96703232
454.5 96656896
455 96656896
455.5 96656896
456 96656896
456.5 96656896
457 96656896
457.5 96656896
458 96656896
458.5 96703232
459 96656896
459.5 96656896
460 96656896
460.5 96656896
461 96656896
461.5 96656896
462 96656896
462.5 96656896
463 96703232
463.5 96656896
464 96656896
464.5 96656896
465 96656896
465.5 96656896
466 96656896
466.5 96656896
467 96703232
467.5 96656896
468 96656896
468.5 96656896
469 96656896
469.5 96656896
470 96656896
470.5 96656896
471 96656896
471.5 96703232
472 96656896
472.5 96656896
473 96656896
473.5 96656896
474 96656896
474.5 96656896
475 96656896
475.5 96656896
476 96703232
476.5 96656896
477 96656896
477.5 96656896
478 96656896
478.5 96656896
479 96656896
479.5 96656896
480 96703232
480.5 96656896
481 96656896
481.5 96656896
482 96656896
482.5 96656896
483 96656896
483.5 96656896
484 96656896
484.5 96703232
485 96656896
485.5 96656896
486 96656896
486.5 96656896
487 96656896
487.5 96656896
488 96656896
488.5 96656896
489 96703232
489.5 96656896
490 96656896
490.5 96656896
491 96656896
491.5 96656896
492 96656896
492.5 96656896
493 96656896
493.5 96703232
494 96656896
494.5 96656896
495 96656896
495.5 96656896
496 96656896
496.5 96656896
497 96656896
497.5 96703232
498 96656896
498.5 96656896
499 96656896
499.5 96656896
500 82987776
500.5 80300288
501 57827328
501.5 57595648
502 58429696
502.5 59171072
503 59402752
503.5 59541760
504 59727104
504.5 59912448
505 60097792
505.5 60329472
506 59217408
506.5 59356416
507 60283136
507.5 60978176
508 61163520
508.5 61348864
509 61580544
509.5 61719552
510 61904896
510.5 61626880
511 61024512
511.5 61163520
512 62090240
512.5 62831616
513 62970624
513.5 63155968
514 63341312
514.5 63572992
515 63712000
515.5 62970624
516 62831616
516.5 62970624
517 63897344
517.5 64638720
518 64777728
518.5 64963072
519 65148416
519.5 65380096
520 65426432
520.5 64407040
521 64638720
521.5 64777728
522 65704448
522.5 66445824
523 66584832
523.5 66770176
524 66955520
524.5 67140864
525 66816512
525.5 66214144
526 66445824
526.5 66584832
527 67557888
527.5 68206592
528 68391936
528.5 68623616
529 68762624
529.5 68947968
530 68113920
530.5 68067584
531 68206592
531.5 68438272
532 69364992
532.5 70013696
533 70199040
533.5 70384384
534 70616064
534.5 70291712
535 69921024
535.5 69874688
536 70013696
536.5 70245376
537 71172096
537.5 71820800
538 72006144
538.5 72191488
539 71913472
539.5 72145152
540 71728128
540.5 71681792
541 71820800
541.5 72006144
542 72979200
542.5 73674240
543 73813248
543.5 73581568
544 73720576
544.5 73905920
545 73535232
545.5 73488896
546 73627904
546.5 73859584
547 74786304
547.5 75435008
548 75203328
548.5 75342336
549 75574016
549.5 75713024
550 75342336
550.5 75249664
551 75481344
551.5 75620352
552 76639744
552.5 76778752
553 77010432
553.5 77149440
554 77381120
554.5 77520128
555 77149440
555.5 77056768
556 77195776
556.5 77427456
557 78076160
557.5 78585856
558 78771200
558.5 79002880
559 79141888
559.5 79234560
560 78632192
560.5 78863872
561 79002880
561.5 79234560
562 79929600
562.5 80392960
563 80578304
563.5 80763648
564 80995328
564.5 80531968
565 80485632
565.5 80624640
566 80856320
566.5 80995328
567 81736704
567.5 82246400
568 82385408
568.5 82570752
569 82617088
569.5 82061056
570 82292736
570.5 82431744
571 82663424
571.5 82802432
572 83543808
572.5 84053504
573 84192512
573.5 84377856
574 83960832
574.5 83868160
575 84099840
575.5 84238848
576 84424192
576.5 84655872
577 85350912
577.5 85814272
578 86045952
578.5 85999616
579 85489920
579.5 85675264
580 85906944
580.5 86045952
581 86277632
581.5 86416640
582 87204352
582.5 87621376
583 87806720
583.5 87343360
584 87297024
584.5 87528704
585 87667712
585.5 87899392
586 88038400
586.5 88270080
587 88965120
587.5 89474816
588 89335808
588.5 88965120
589 89104128
589.5 89335808
590 89474816
590.5 89706496
591 89845504
591.5 90077184
592 90772224
592.5 91235584
593 90725888
593.5 90772224
594 90911232
594.5 91142912
595 91281920
595.5 91467264
596 91698944
596.5 91837952
597 92625664
597.5 92764672
598 92347648
598.5 92579328
599 92718336
599.5 92950016
600 93089024
600.5 93320704
601 93459712
601.5 93691392
602 94432768
602.5 94062080
603 94201088
603.5 94340096
604 94571776
604.5 94710784
605 94942464
605.5 95081472
606 95313152
606.5 95452160
607 95915520
607.5 95776512
608 96008192
608.5 96147200
609 96378880
609.5 96517888
610 96656896
610.5 96656896
611 96656896
611.5 96656896
612 96656896
612.5 96703232
613 96656896
613.5 96656896
614 96656896
614.5 96656896
615 96656896
615.5 96656896
616 96656896
616.5 96703232
617 96656896
617.5 96656896
618 96656896
618.5 96656896
619 96656896
619.5 96656896
620 96656896
620.5 96656896
621 96703232
621.5 96656896
622 96656896
622.5 96656896
623 96656896
623.5 96656896
624 96656896
624.5 96656896
625 96656896
625.5 96703232
626 96656896
626.5 96656896
627 96656896
627.5 96656896
628 96656896
628.5 96656896
629 96656896
629.5 96656896
630 96703232
630.5 96656896
631 96656896
631.5 96656896
632 96656896
632.5 96656896
633 96656896
633.5 96656896
634 96703232
634.5 96656896
635 96656896
635.5 96656896
636 96656896
636.5 96656896
637 96656896
637.5 96656896
638 96656896
638.5 96703232
639 96656896
639.5 96656896
640 96656896
640.5 96656896
641 96656896
641.5 96656896
642 96656896
642.5 96656896
643 96703232
643.5 96656896
644 96656896
644.5 96656896
645 96656896
645.5 96656896
646 96656896
646.5 96656896
647 96703232
647.5 96656896
648 96656896
648.5 96656896
649 96656896
649.5 96656896
650 96656896
650.5 96656896
651 96656896
651.5 96703232
652 96656896
652.5 96656896
653 96656896
653.5 96656896
654 96656896
654.5 96656896
655 96656896
655.5 96656896
656 96703232
656.5 96656896
657 96656896
657.5 96656896
658 96656896
658.5 96656896
659 96656896
659.5 96656896
660 96656896
660.5 96703232
661 96656896
661.5 96656896
662 96656896
662.5 96656896
663 96656896
663.5 96656896
664 96656896
664.5 96703232
665 96656896
665.5 96656896
666 96656896
666.5 96656896
667 96656896
667.5 96656896
668 96656896
668.5 96656896
669 96703232
669.5 96656896
670 96656896
670.5 96656896
671 96656896
671.5 96656896
672 96656896
672.5 96656896
673 96656896
673.5 96703232
674 96656896
674.5 96656896
675 96656896
675.5 96656896
676 96656896
676.5 96656896
677 96656896
677.5 96703232
678 96656896
678.5 96656896
679 96656896
679.5 96656896
680 96656896
680.5 96656896
681 96656896
681.5 96656896
682 96703232
682.5 96656896
683 96656896
683.5 96656896
684 96656896
684.5 96656896
685 96656896
685.5 96656896
686 96656896
686.5 96703232
687 96656896
687.5 96656896
688 96656896
688.5 96656896
689 96656896
689.5 96656896
690 96656896
690.5 96656896
691 96703232
691.5 96656896
692 96656896
692.5 96656896
693 96656896
693.5 96656896
694 96656896
694.5 96656896
695 96703232
695.5 96656896
696 96656896
696.5 96656896
697 96656896
697.5 96656896
698 96656896
698.5 96656896
699 96656896
699.5 96703232
700 96656896
700.5 96656896
701 96656896
701.5 96656896
702 96656896
702.5 96656896
703 96656896
703.5 96656896
704 96703232
704.5 96656896
705 96656896
705.5 96656896
706 96656896
706.5 96656896
707 96656896
707.5 96656896
708 96703232
708.5 96656896
709 96656896
709.5 96656896
710 96656896
710.5 96656896
711 96656896
711.5 96656896
712 96656896
712.5 96703232
713 96656896
713.5 96656896
714 96656896
714.5 96656896
715 96656896
715.5 96656896
716 96656896
716.5 96656896
717 96703232
717.5 96656896
718 96656896
718.5 96656896
719 96656896
719.5 96656896
720 96656896
720.5 96656896
721 96703232
721.5 96656896
722 96656896
722.5 96656896
723 96656896
723.5 96656896
724 96656896
724.5 96656896
725 96656896
725.5 96703232
726 96656896
726.5 96656896
727 96656896
727.5 96656896
728 96656896
728.5 96656896
729 96656896
729.5 96656896
730 96703232
730.5 96656896
731 96656896
731.5 96656896
732 96656896
732.5 96656896
733 95498496
733.5 58429696
734 57410304
734.5 57641984
735 59078400
735.5 59217408
736 59402752
736.5 59588096
737 59819776
737.5 59958784
738 60144128
738.5 59773440
739 59217408
739.5 59449088
740 60839168
740.5 61070848
741 61209856
741.5 61395200
742 61580544
742.5 61812224
743 61951232
743.5 61117184
744 61024512
744.5 61302528
745 62646272
745.5 62831616
746 63063296
746.5 63202304
747 63387648
747.5 63572992
748 63572992
748.5 62646272
749 62877952
749.5 63109632
750 64453376
750.5 64638720
751 64824064
751.5 65055744
752 65194752
752.5 65380096
753 64916736
753.5 64453376
754 64685056
754.5 64916736
755 66260480
755.5 66445824
756 66631168
756.5 66816512
757 67048192
757.5 67187200
758 66260480
758.5 66260480
759 66445824
759.5 66723840
760 68113920
760.5 68252928
761 68438272
761.5 68623616
762 68855296
762.5 68669952
763 67928576
763.5 68067584
764 68299264
764.5 68530944
765 69874688
765.5 70106368
766 70245376
766.5 70430720
767 70430720
767.5 70245376
768 69689344
768.5 69921024
769 70060032
769.5 70384384
770 71681792
770.5 71867136
771 72098816
771.5 72052480
772 71959808
772.5 72052480
773 71496448
773.5 71728128
774 71867136
774.5 72191488
775 73488896
775.5 73674240
776 73674240
776.5 73581568
777 73813248
777.5 73813248
778 73349888
778.5 73488896
779 73720576
779.5 73998592
780 75296000
780.5 75296000
781 75203328
781.5 75435008
782 75574016
782.5 75666688
783 75110656
783.5 75342336
784 75481344
784.5 75805696
785 76964096
785.5 76825088
786 77010432
786.5 77195776
787 77427456
787.5 77427456
788 76964096
788.5 77103104
789 77242112
789.5 77520128
790 78493184
790.5 78632192
791 78817536
791.5 79002880
792 79188224
792.5 78910208
793 78678528
793.5 78863872
794 79095552
794.5 79327232
795 80253952
795.5 80485632
796 80624640
796.5 80809984
797 80902656
797.5 80346624
798 80485632
798.5 80717312
799 80856320
799.5 81180672
800 82061056
800.5 82246400
801 82478080
801.5 82617088
802 82246400
802.5 82107392
803 82339072
803.5 82478080
804 82709760
804.5 82941440
805 83914496
805.5 84053504
806 84238848
806.5 84285184
807 83775488
807.5 83914496
808 84146176
808.5 84285184
809 84470528
809.5 84794880
810 85675264
810.5 85906944
811 86045952
811.5 85628928
812 85536256
812.5 85767936
813 85906944
813.5 86138624
814 86277632
814.5 86601984
815 87482368
815.5 87714048
816 87667712
816.5 87158016
817 87389696
817.5 87528704
818 87760384
818.5 87899392
819 88131072
819.5 88409088
820 89289472
820.5 89474816
821 89011456
821.5 89011456
822 89150464
822.5 89382144
823 89521152
823.5 89752832
824 89891840
824.5 90216192
825 91096576
825.5 91096576
826 90586880
826.5 90818560
827 90957568
827.5 91142912
828 91374592
828.5 91513600
829 91745280
829.5 92023296
830 92903680
830.5 92393984
831 92440320
831.5 92579328
832 92811008
832.5 92950016
833 93181696
833.5 93320704
834 93552384
834.5 93830400
835 94432768
835.5 94062080
836 94201088
836.5 94432768
837 94571776
837.5 94803456
838 94942464
838.5 95174144
839 95313152
839.5 95637504
840 95822848
840.5 95822848
841 96054528
841.5 96193536
842 96425216
842.5 96564224
843 96656896
843.5 96656896
844 96656896
844.5 96703232
845 96656896
845.5 96656896
846 96656896
846.5 96656896
847 96656896
847.5 96656896
848 96656896
848.5 96656896
849 96703232
849.5 96656896
850 96656896
850.5 96656896
851 96656896
851.5 96656896
852 96656896
852.5 96656896
853 96656896
853.5 96703232
854 96656896
854.5 96656896
855 96656896
855.5 96656896
856 96656896
856.5 96656896
857 96656896
857.5 96703232
858 96656896
858.5 96656896
859 96656896
859.5 96656896
860 96656896
860.5 96656896
861 96656896
861.5 96656896
862 96703232
862.5 96656896
863 96656896
863.5 96656896
864 96656896
864.5 96656896
865 96656896
865.5 96656896
866 96656896
866.5 96703232
867 96656896
867.5 96656896
868 96656896
868.5 96656896
869 96656896
869.5 96656896
870 96656896
870.5 96656896
871 96703232
871.5 96656896
872 96656896
872.5 96656896
873 96656896
873.5 96656896
874 96656896
874.5 96656896
875 96703232
875.5 96656896
876 96656896
876.5 96656896
877 96656896
877.5 96656896
878 96656896
878.5 96656896
879 96656896
879.5 96703232
880 96656896
880.5 96656896
881 96656896
881.5 96656896
882 96656896
882.5 96656896
883 96656896
883.5 96656896
884 96703232
884.5 96656896
885 96656896
885.5 96656896
886 96656896
886.5 96656896
887 96656896
887.5 96656896
888 96703232
888.5 96656896
889 96656896
889.5 96656896
890 96656896
890.5 96656896
891 96656896
891.5 96656896
892 96656896
892.5 96703232
893 96656896
893.5 96656896
894 96656896
894.5 96656896
895 96656896
895.5 96656896
896 96656896
896.5 96656896
897 96703232
897.5 96656896
898 96656896
898.5 96656896
899 96656896
899.5 96656896
