0 2 -1
0.5 6 6
1 28 50
1.5 141 276
2 711 1416
2.5 520 3789
3 522 5817
3.5 524 7851
4 526 9893
4.5 528 11943
5 529 13991
5.5 531 16107
6 533 18169
6.5 535 20227
7 537 22315
7.5 539 24411
8 541 26515
8.5 543 28627
9 545 30749
9.5 547 32867
10 549 34983
10.5 551 37177
11 553 39315
11.5 555 41451
12 557 43617
12.5 559 45793
13 561 47975
13.5 563 50165
14 564 52353
14.5 566 54541
15 568 56735
15.5 570 59007
16 572 61223
16.5 574 63437
17 576 65681
17.5 578 67935
18 580 70195
18.5 582 72453
19 584 74709
19.5 586 76975
20 588 79247
20.5 590 81597
21 592 83891
21.5 594 86183
22 596 88505
22.5 598 90835
23 599 93165
23.5 601 95491
24 603 97827
24.5 605 100169
25 607 102519
25.5 609 104949
26 611 107319
26.5 613 109691
27 615 112091
27.5 617 114489
28 619 116885
28.5 621 119291
29 623 121703
29.5 625 124125
30 627 126553
30.5 629 129061
31 631 131507
31.5 633 133959
32 634 136427
32.5 636 138893
33 638 141367
33.5 640 143851
34 642 146341
34.5 644 148841
35 646 151347
35.5 648 153933
36 650 156457
36.5 652 158977
37 654 161513
37.5 656 164057
38 658 166609
38.5 660 169169
39 662 171739
39.5 664 174315
40 666 176901
40.5 668 179565
41 669 182151
41.5 671 184745
42 673 187359
42.5 675 189983
43 677 192613
43.5 679 195251
44 681 197897
44.5 683 200553
45 685 203217
45.5 687 205959
46 689 208603
46.5 691 211275
47 693 213967
47.5 695 216667
48 697 219377
48.5 699 222093
49 701 224817
49.5 703 227549
50 704 230279
50.5 706 233095
51 708 235815
51.5 710 238565
52 712 241335
52.5 714 244113
53 716 246901
53.5 718 249695
54 720 252497
54.5 722 255297
55 724 258095
55.5 726 260989
56 728 263787
56.5 730 266615
57 732 269463
57.5 734 272319
58 736 275183
58.5 738 278057
59 739 280935
59.5 741 283797
60 743 286673
60.5 745 289643
61 747 292519
61.5 749 295425
62 751 298351
62.5 753 301287
63 755 304229
63.5 757 307179
64 759 310117
64.5 761 313057
65 763 316011
65.5 765 319059
66 767 322011
66.5 769 324997
67 771 328001
67.5 773 331013
68 775 334035
68.5 776 337047
69 778 340059
69.5 780 343077
70 782 346109
70.5 784 349235
71 786 352265
71.5 788 355329
72 790 358411
72.5 792 361501
73 794 364589
73.5 796 367671
74 798 370759
74.5 800 373857
75 802 376967
75.5 804 380169
76 806 383279
76.5 808 386421
77 810 389581
77.5 811 392745
78 813 395897
78.5 815 399055
79 817 402223
79.5 819 405397
80 821 408587
80.5 823 411867
81 825 415053
81.5 827 418273
82 829 421511
82.5 831 424735
83 833 427963
83.5 835 431201
84 837 434445
84.5 839 437699
85 841 440967
85.5 843 444323
86 845 447589
86.5 847 450887
87 848 454185
87.5 850 457485
88 852 460791
88.5 854 464107
89 856 467429
89.5 858 470759
90 860 474107
90.5 862 477541
91 864 480885
91.5 866 484249
92 868 487617
92.5 870 490993
93 872 494379
93.5 874 497771
94 876 501173
94.5 878 504581
95 880 508007
95.5 882 511509
96 883 514929
96.5 885 518363
97 887 521809
97.5 889 525265
98 891 528727
98.5 893 532199
99 895 535677
99.5 897 539165
100 899 542669
100.5 901 546229
101 903 549725
101.5 905 553239
102 907 556763
102.5 909 560295
103 911 563837
103.5 913 567385
104 915 570943
104.5 917 574507
105 919 578091
105.5 920 581709
106 922 585283
106.5 924 588875
107 926 592477
107.5 928 596087
108 930 599705
108.5 932 603333
109 934 606967
109.5 936 610605
110 938 614255
110.5 940 617947
111 942 621601
111.5 944 625271
112 946 628951
112.5 948 632639
113 950 636335
113.5 952 640041
114 954 643743
114.5 955 647451
115 957 651179
115.5 959 654949
116 961 658679
116.5 963 662427
117 965 666185
117.5 967 669953
118 969 673725
118.5 971 677493
119 973 681271
119.5 975 685055
120 977 688863
120.5 979 692709
121 981 696519
121.5 983 700345
122 985 704181
122.5 987 708017
123 989 711857
123.5 991 715703
124 992 719557
124.5 994 723421
125 996 727307
125.5 998 731231
126 1000 735117
126.5 1002 739021
127 1004 742921
127.5 1006 746831
128 1008 750747
128.5 1010 754673
129 1012 758605
129.5 1014 762547
130 1016 766511
130.5 1018 770505
131 1020 774469
131.5 1022 778439
132 1024 782419
132.5 1026 786405
133 1027 790401
133.5 1029 794403
134 1031 798415
134.5 1033 802433
135 1035 806477
135.5 1037 810529
136 1039 814569
136.5 1041 818619
137 1043 822675
137.5 1045 826741
138 1047 830813
138.5 1049 834895
139 1051 838983
139.5 1053 843079
140 1055 847201
140.5 1057 851313
141 1059 855431
141.5 1061 859559
142 1063 863693
142.5 1064 867835
143 1066 871987
143.5 1068 876145
144 1070 880313
144.5 1072 884485
145 1073 888657
145.5 1074 892829
146 1075 897001
146.5 1076 901173
147 1077 905345
147.5 1078 909519
148 1079 913691
148.5 1080 917863
149 1081 922035
149.5 1082 926207
150 1083 930379
150.5 1084 934551
151 1085 938723
151.5 1086 942895
152 1087 947069
152.5 1088 951241
153 1089 955413
153.5 1090 959585
154 1091 963757
154.5 1092 967929
155 1093 972101
155.5 1094 976273
156 1095 980445
156.5 1095 984619
157 1096 988791
157.5 1097 992963
158 1098 997135
158.5 1099 1001307
159 1100 1005479
159.5 1101 1009651
160 1102 1013823
160.5 1103 1017995
161 1104 1022169
161.5 1105 1026341
162 1106 1030513
162.5 1107 1034685
163 1108 1038857
163.5 1109 1043029
164 1110 1047201
164.5 1111 1051373
165 1112 1055547
165.5 1112 1059719
166 1113 1063891
166.5 1114 1068063
167 1115 1072235
167.5 1116 1076407
168 1117 1080579
168.5 1118 1084751
169 1119 1088923
169.5 1120 1093097
170 1121 1097269
170.5 1122 1101441
171 1123 1105613
171.5 1124 1109785
172 1125 1113957
172.5 1125 1118129
173 1126 1122301
173.5 1127 1126473
174 1128 1130647
174.5 1129 1134819
175 1130 1138991
175.5 1131 1143163
176 1132 1147335
176.5 1133 1151507
177 1134 1155679
177.5 1135 1159851
178 1136 1164025
178.5 1137 1168197
179 1137 1172369
179.5 1138 1176541
180 1139 1180713
180.5 1140 1184885
181 1141 1189057
181.5 1142 1193229
182 1143 1197401
182.5 1144 1201575
183 1145 1205747
183.5 1146 1209919
184 1147 1214091
184.5 1147 1218263
185 1148 1222435
185.5 1149 1226607
186 1150 1230779
186.5 1151 1234951
187 1152 1239125
187.5 1153 1243297
188 1154 1247469
188.5 1155 1251641
189 1156 1255813
189.5 1157 1259985
190 1157 1264157
190.5 1158 1268329
191 1159 1272501
191.5 1160 1276675
192 1161 1280847
192.5 1162 1285019
193 1163 1289191
193.5 1164 1293363
194 1165 1297535
194.5 1166 1301707
195 1166 1305879
195.5 1167 1310053
196 1168 1314225
196.5 1169 1318397
197 1170 1322569
197.5 1171 1326741
198 1172 1330913
198.5 1173 1335085
199 1174 1339257
199.5 1174 1343429
200 1175 1347603
200.5 1176 1351775
201 1177 1355947
201.5 1178 1360119
202 1179 1364291
202.5 1180 1368463
203 1181 1372635
203.5 1181 1376807
204 1182 1380979
204.5 1183 1385153
205 1184 1389325
205.5 1185 1393497
206 1186 1397669
206.5 1187 1401841
207 1188 1406013
207.5 1189 1410185
208 1189 1414357
208.5 1190 1418531
209 1191 1422703
209.5 1192 1426875
210 1193 1431047
210.5 1194 1435219
211 1195 1439391
211.5 1196 1443563
212 1196 1447735
212.5 1197 1451907
213 1198 1456081
213.5 1199 1460253
214 1200 1464425
214.5 1201 1468597
215 1202 1472769
215.5 1202 1476941
216 1203 1481113
216.5 1204 1485285
217 1205 1489457
217.5 1206 1493631
218 1207 1497803
218.5 1208 1501975
219 1209 1506147
219.5 1209 1510319
220 1210 1514491
220.5 1211 1518663
221 1212 1522835
221.5 1213 1527007
222 1214 1531181
222.5 1215 1535353
223 1215 1539525
223.5 1216 1543697
224 1217 1547869
224.5 1218 1552041
225 1219 1556213
225.5 1220 1560385
226 1221 1564559
226.5 1221 1568731
227 1222 1572903
227.5 1223 1577075
228 1224 1581247
228.5 1225 1585419
229 1226 1589591
229.5 1227 1593763
230 1227 1597935
230.5 1228 1602109
231 1229 1606281
231.5 1230 1610453
232 1231 1614625
232.5 1232 1618797
233 1232 1622969
233.5 1233 1627141
234 1234 1631313
234.5 1235 1635485
235 1236 1639659
235.5 1237 1643831
236 1238 1648003
236.5 1238 1652175
237 1239 1656347
237.5 1240 1660519
238 1241 1664691
238.5 1242 1668863
239 1243 1673037
239.5 1243 1677209
240 1244 1681381
240.5 1245 1685553
241 1246 1689725
241.5 1247 1693897
242 1248 1698069
242.5 1248 1702241
243 1249 1706413
243.5 1250 1710587
244 1251 1714759
244.5 1252 1718931
245 1253 1723103
245.5 1253 1727275
246 1254 1731447
246.5 1255 1735619
247 1256 1739791
247.5 1257 1743963
248 1258 1748137
248.5 1258 1752309
249 1259 1756481
249.5 1260 1760653
250 1261 1764825
250.5 1262 1768997
251 1263 1773169
251.5 1263 1777341
252 1264 1781515
252.5 1265 1785687
253 1266 1789859
253.5 1267 1794031
254 1267 1798203
254.5 1268 1802375
255 1269 1806547
255.5 1270 1810719
256 1271 1814891
256.5 1272 1819065
257 1272 1823237
257.5 1273 1827409
258 1274 1831581
258.5 1275 1835753
259 1276 1839925
259.5 1276 1844097
260 1277 1848269
260.5 1278 1852441
261 1279 1856615
261.5 1280 1860787
262 1281 1864959
262.5 1281 1869131
263 1282 1873303
263.5 1283 1877475
264 1284 1881647
264.5 1285 1885819
265 1285 1889991
265.5 1286 1894165
266 1287 1898337
266.5 1288 1902509
267 1289 1906681
267.5 646 1909955
268 648 1912477
268.5 650 1914959
269 651 1917455
269.5 653 1920009
270 655 1922569
270.5 657 1925137
271 659 1927713
271.5 661 1930297
272 663 1932891
272.5 665 1935491
273 667 1938069
273.5 669 1940631
274 671 1943205
274.5 673 1945835
275 675 1948473
275.5 677 1951121
276 679 1953775
276.5 681 1956437
277 683 1959107
277.5 685 1961787
278 687 1964423
278.5 688 1967061
279 690 1969715
279.5 692 1972423
280 694 1975139
280.5 696 1977865
281 698 1980597
281.5 700 1983337
282 702 1986085
282.5 704 1988827
283 706 1991537
283.5 708 1994253
284 710 1996985
284.5 712 1999771
285 714 2002565
285.5 716 2005369
286 718 2008179
286.5 720 2010997
287 722 2013823
287.5 723 2016625
288 725 2019411
288.5 727 2022207
289 729 2025017
289.5 731 2027881
290 733 2030753
290.5 735 2033633
291 737 2036521
291.5 739 2039419
292 741 2042323
292.5 743 2045181
293 745 2048045
293.5 747 2050919
294 749 2053807
294.5 751 2056749
295 753 2059701
295.5 755 2062659
296 757 2065625
296.5 759 2068599
297 760 2071563
297.5 762 2074499
298 764 2077441
298.5 766 2080393
299 768 2083359
299.5 770 2086379
300 772 2089409
300.5 774 2092445
301 776 2095489
301.5 778 2098531
302 780 2101563
302.5 782 2104577
303 784 2107597
303.5 786 2110627
304 788 2113671
304.5 790 2116769
305 792 2119877
305.5 794 2122991
306 795 2126103
306.5 797 2129213
307 799 2132325
307.5 801 2135415
308 803 2138515
308.5 805 2141621
309 807 2144745
309.5 809 2147921
310 811 2151105
310.5 813 2154287
311 815 2157467
311.5 817 2160657
312 819 2163845
312.5 821 2167013
313 823 2170191
313.5 825 2173375
314 827 2176577
314.5 829 2179833
315 830 2183085
315.5 832 2186335
316 834 2189593
316.5 836 2192861
317 838 2196127
317.5 840 2199373
318 842 2202629
318.5 844 2205891
319 846 2209171
319.5 848 2212493
320 850 2215815
320.5 852 2219143
321 854 2222479
321.5 856 2225825
322 858 2229169
322.5 860 2232493
323 862 2235825
323.5 864 2239163
324 865 2242515
324.5 867 2245905
325 869 2249305
325.5 871 2252711
326 873 2256127
326.5 875 2259549
327 877 2262953
327.5 879 2266353
328 881 2269763
328.5 883 2273179
329 885 2276611
329.5 887 2280079
330 889 2283555
330.5 891 2287041
331 893 2290533
331.5 895 2294025
332 897 2297497
332.5 899 2300975
333 901 2304463
333.5 902 2307957
334 904 2311467
334.5 906 2315013
335 908 2318567
335.5 910 2322131
336 912 2325701
336.5 914 2329251
337 916 2332801
337.5 918 2336357
338 920 2339923
338.5 922 2343495
339 924 2347083
339.5 926 2350707
340 928 2354339
340.5 930 2357979
341 932 2361619
341.5 934 2365239
342 936 2368865
342.5 937 2372501
343 939 2376143
343.5 941 2379793
344 943 2383459
344.5 945 2387163
345 947 2390873
345.5 949 2394591
346 951 2398287
346.5 953 2401985
347 955 2405689
347.5 957 2409403
348 959 2413123
348.5 961 2416853
349 963 2420597
349.5 965 2424377
350 967 2428167
350.5 969 2431951
351 971 2435717
351.5 973 2439493
352 974 2443275
352.5 976 2447067
353 978 2450865
353.5 980 2454673
354 982 2458495
354.5 984 2462353
355 986 2466221
355.5 988 2470063
356 990 2473907
356.5 992 2477761
357 994 2481621
357.5 996 2485491
358 998 2489367
358.5 1000 2493253
359 1002 2497153
359.5 1004 2501089
360 1006 2505021
360.5 1008 2508935
361 1010 2512859
361.5 1011 2516789
362 1013 2520727
362.5 1015 2524675
363 1017 2528629
363.5 1019 2532593
364 1021 2536571
364.5 1023 2540587
365 1025 2544575
365.5 1027 2548567
366 1029 2552569
366.5 1031 2556577
367 1033 2560595
367.5 1035 2564619
368 1037 2568653
368.5 1039 2572693
369 1041 2576751
369.5 1043 2580827
370 1045 2584891
370.5 1046 2588961
371 1048 2593041
371.5 1050 2597127
372 1052 2601223
372.5 1054 2605325
373 1056 2609437
373.5 1058 2613555
374 1060 2617691
374.5 1062 2621825
375 1064 2625967
375.5 1066 2630115
376 1068 2634273
376.5 1070 2638437
377 1072 2642609
377.5 1073 2646781
378 1074 2650953
378.5 1075 2655125
379 1076 2659297
379.5 1076 2663469
380 1077 2667643
380.5 1078 2671815
381 1079 2675987
381.5 1080 2680159
382 1081 2684331
382.5 1082 2688503
383 1083 2692675
383.5 1084 2696847
384 1085 2701019
384.5 1086 2705193
385 1087 2709365
385.5 1088 2713537
386 1089 2717709
386.5 1090 2721881
387 1091 2726053
387.5 1092 2730225
388 1093 2734397
388.5 1094 2738569
389 1095 2742743
389.5 1096 2746915
390 1097 2751087
390.5 1098 2755259
391 1099 2759431
391.5 1099 2763603
392 1100 2767775
392.5 1101 2771947
393 1102 2776121
393.5 1103 2780293
394 1104 2784465
394.5 1105 2788637
395 1106 2792809
395.5 1107 2796981
396 1108 2801153
396.5 1109 2805325
397 1110 2809497
397.5 1111 2813671
398 1112 2817843
398.5 1113 2822015
399 1114 2826187
399.5 1115 2830359
400 1115 2834531
400.5 1116 2838703
401 1117 2842875
401.5 1118 2847047
402 1119 2851221
402.5 1120 2855393
403 1121 2859565
403.5 1122 2863737
404 1123 2867909
404.5 1124 2872081
405 1125 2876253
405.5 1126 2880425
406 1127 2884599
406.5 1128 2888771
407 1128 2892943
407.5 1129 2897115
408 1130 2901287
408.5 1131 2905459
409 1132 2909631
409.5 1133 2913803
410 1134 2917975
410.5 1135 2922149
411 1136 2926321
411.5 1137 2930493
412 1138 2934665
412.5 1139 2938837
413 1140 2943009
413.5 1140 2947181
414 1141 2951353
414.5 1142 2955525
415 1143 2959699
415.5 1144 2963871
416 1145 2968043
416.5 1146 2972215
417 1147 2976387
417.5 1148 2980559
418 1149 2984731
418.5 1150 2988903
419 1150 2993077
419.5 1151 2997249
420 1152 3001421
420.5 1153 3005593
421 1154 3009765
421.5 1155 3013937
422 1156 3018109
422.5 1157 3022281
423 1158 3026453
423.5 1159 3030627
424 1159 3034799
424.5 1160 3038971
425 1161 3043143
425.5 1162 3047315
426 1163 3051487
426.5 1164 3055659
427 1165 3059831
427.5 1166 3064003
428 1167 3068177
428.5 1168 3072349
429 1168 3076521
429.5 1169 3080693
430 1170 3084865
430.5 1171 3089037
431 1172 3093209
431.5 1173 3097381
432 1174 3101553
432.5 1175 3105727
433 1176 3109899
433.5 1176 3114071
434 1177 3118243
434.5 1178 3122415
435 1179 3126587
435.5 1180 3130759
436 1181 3134931
436.5 1182 3139105
437 1183 3143277
437.5 1183 3147449
438 1184 3151621
438.5 1185 3155793
439 1186 3159965
439.5 1187 3164137
440 1188 3168309
440.5 1189 3172481
441 1190 3176655
441.5 1191 3180827
442 1191 3184999
442.5 1192 3189171
443 1193 3193343
443.5 1194 3197515
444 1195 3201687
444.5 1196 3205859
445 1197 3210031
445.5 1197 3214205
446 1198 3218377
446.5 1199 3222549
447 1200 3226721
447.5 1201 3230893
448 1202 3235065
448.5 1203 3239237
449 1204 3243409
449.5 1204 3247583
450 1205 3251755
450.5 1206 3255927
451 1207 3260099
451.5 1208 3264271
452 1209 3268443
452.5 1210 3272615
453 1210 3276787
453.5 1211 3280959
454 1212 3285133
454.5 1213 3289305
455 1214 3293477
455.5 1215 3297649
456 1216 3301821
456.5 1216 3305993
457 1217 3310165
457.5 1218 3314337
458 1219 3318509
458.5 1220 3322683
459 1221 3326855
459.5 1222 3331027
460 1222 3335199
460.5 1223 3339371
461 1224 3343543
461.5 1225 3347715
462 1226 3351887
462.5 1227 3356059
463 1228 3360233
463.5 1228 3364405
464 1229 3368577
464.5 1230 3372749
465 1231 3376921
465.5 1232 3381093
466 1233 3385265
466.5 1233 3389437
467 1234 3393611
467.5 1235 3397783
468 1236 3401955
468.5 1237 3406127
469 1238 3410299
469.5 1239 3414471
470 1239 3418643
470.5 1240 3422815
471 1241 3426987
471.5 1242 3431161
472 1243 3435333
472.5 1244 3439505
473 1244 3443677
473.5 1245 3447849
474 1246 3452021
474.5 1247 3456193
475 1248 3460365
475.5 1249 3464537
476 1249 3468711
476.5 1250 3472883
477 1251 3477055
477.5 1252 3481227
478 1253 3485399
478.5 1254 3489571
479 1254 3493743
479.5 1255 3497915
480 1256 3502089
480.5 1257 3506261
481 1258 3510433
481.5 1259 3514605
482 1259 3518777
482.5 1260 3522949
483 1261 3527121
483.5 1262 3531293
484 1263 3535465
484.5 1264 3539639
485 1264 3543811
485.5 1265 3547983
486 1266 3552155
486.5 1267 3556327
487 1268 3560499
487.5 1268 3564671
488 1269 3568843
488.5 1270 3573015
489 1271 3577189
489.5 1272 3581361
490 1273 3585533
490.5 1273 3589705
491 1274 3593877
491.5 1275 3598049
492 1276 3602221
492.5 1277 3606393
493 1277 3610565
493.5 1278 3614739
494 1279 3618911
494.5 1280 3623083
495 1281 3627255
495.5 1282 3631427
496 1282 3635599
496.5 1283 3639771
497 1284 3643943
497.5 1285 3648117
498 1286 3652289
498.5 1286 3656461
499 1287 3660633
499.5 1288 3664805
500 994 3668387
500.5 646 3671853
501 648 3674349
501.5 650 3676835
502 652 3679357
502.5 654 3681911
503 656 3684475
503.5 658 3687045
504 660 3689623
504.5 662 3692209
505 664 3694803
505.5 666 3697407
506 668 3699963
506.5 669 3702525
507 671 3705127
507.5 673 3707759
508 675 3710399
508.5 677 3713047
509 679 3715705
509.5 681 3718369
510 683 3721041
510.5 685 3723701
511 687 3726335
511.5 689 3728975
512 691 3731655
512.5 693 3734367
513 695 3737085
513.5 697 3739811
514 699 3742545
514.5 701 3745289
515 703 3748039
515.5 705 3750757
516 706 3753469
516.5 708 3756187
517 710 3758945
517.5 712 3761735
518 714 3764531
518.5 716 3767335
519 718 3770147
519.5 720 3772969
520 722 3775793
520.5 724 3778573
521 726 3781363
521.5 728 3784159
522 730 3786995
522.5 732 3789863
523 734 3792737
523.5 736 3795619
524 738 3798509
524.5 740 3801407
525 741 3804291
525.5 743 3807149
526 745 3810017
526.5 747 3812891
527 749 3815807
527.5 751 3818751
528 753 3821703
528.5 755 3824665
529 757 3827633
529.5 759 3830609
530 761 3833549
530.5 763 3836487
531 765 3839431
531.5 767 3842385
532 769 3845379
532.5 771 3848401
533 773 3851431
533.5 775 3854469
534 777 3857517
534.5 778 3860551
535 780 3863569
535.5 782 3866585
536 784 3869607
536.5 786 3872639
537 788 3875711
537.5 790 3878811
538 792 3881919
538.5 794 3885035
539 796 3888139
539.5 798 3891253
540 800 3894349
540.5 802 3897443
541 804 3900543
541.5 806 3903651
542 808 3906801
542.5 810 3909981
543 812 3913167
543.5 813 3916343
544 815 3919525
544.5 817 3922715
545 819 3925889
545.5 821 3929061
546 823 3932239
546.5 825 3935427
547 827 3938655
547.5 829 3941911
548 831 3945157
548.5 833 3948409
549 835 3951671
549.5 837 3954939
550 839 3958191
550.5 841 3961439
551 843 3964697
551.5 845 3967961
552 847 3971269
552.5 848 3974583
553 850 3977907
553.5 852 3981237
554 854 3984577
554.5 856 3987923
555 858 3991253
555.5 860 3994579
556 862 3997911
556.5 864 4001253
557 866 4004623
557.5 868 4008015
558 870 4011415
558.5 872 4014825
559 874 4018241
559.5 876 4021661
560 878 4025055
560.5 880 4028459
561 882 4031869
561.5 883 4035289
562 885 4038739
562.5 887 4042209
563 889 4045687
563.5 891 4049173
564 893 4052669
564.5 895 4056145
565 897 4059619
565.5 899 4063099
566 901 4066589
566.5 903 4070085
567 905 4073613
567.5 907 4077163
568 909 4080719
568.5 911 4084283
569 913 4087849
569.5 915 4091391
570 917 4094943
570.5 919 4098501
571 920 4102069
571.5 922 4105643
572 924 4109249
572.5 926 4112877
573 928 4116511
573.5 930 4120153
574 932 4123777
574.5 934 4127397
575 936 4131027
575.5 938 4134663
576 940 4138307
576.5 942 4141961
577 944 4145645
577.5 946 4149349
578 948 4153063
578.5 950 4156775
579 952 4160465
579.5 954 4164163
580 955 4167871
580.5 957 4171585
581 959 4175309
581.5 961 4179039
582 963 4182803
582.5 965 4186585
583 967 4190375
583.5 969 4194145
584 971 4197913
584.5 973 4201691
585 975 4205475
585.5 977 4209269
586 979 4213069
586.5 981 4216879
587 983 4220719
587.5 985 4224581
588 987 4228437
588.5 989 4232277
589 991 4236123
589.5 992 4239979
590 994 4243841
590.5 996 4247713
591 998 4251591
591.5 1000 4255479
592 1002 4259397
592.5 1004 4263335
593 1006 4267251
593.5 1008 4271169
594 1010 4275093
594.5 1012 4279027
595 1014 4282967
595.5 1016 4286915
596 1018 4290873
596.5 1020 4294837
597 1022 4298835
597.5 1024 4302839
598 1026 4306825
598.5 1027 4310821
599 1029 4314823
599.5 1031 4318835
600 1033 4322853
600.5 1035 4326881
601 1037 4330915
601.5 1039 4334959
602 1041 4339035
602.5 1043 4343095
603 1045 4347161
603.5 1047 4351233
604 1049 4355315
604.5 1051 4359403
605 1053 4363501
605.5 1055 4367605
606 1057 4371719
606.5 1059 4375839
607 1061 4379979
607.5 1063 4384113
608 1064 4388257
608.5 1066 4392407
609 1068 4396567
609.5 1070 4400733
610 1072 4404905
610.5 1073 4409077
611 1074 4413249
611.5 1075 4417421
612 1076 4421593
612.5 1077 4425767
613 1078 4429939
613.5 1079 4434111
614 1080 4438283
614.5 1081 4442455
615 1082 4446627
615.5 1083 4450799
616 1083 4454971
616.5 1084 4459145
617 1085 4463317
617.5 1086 4467489
618 1087 4471661
618.5 1088 4475833
619 1089 4480005
619.5 1090 4484177
620 1091 4488349
620.5 1092 4492521
621 1093 4496695
621.5 1094 4500867
622 1095 4505039
622.5 1096 4509211
623 1097 4513383
623.5 1098 4517555
624 1099 4521727
624.5 1100 4525899
625 1101 4530071
625.5 1102 4534245
626 1103 4538417
626.5 1103 4542589
627 1104 4546761
627.5 1105 4550933
628 1106 4555105
628.5 1107 4559277
629 1108 4563449
629.5 1109 4567621
630 1110 4571795
630.5 1111 4575967
631 1112 4580139
631.5 1113 4584311
632 1114 4588483
632.5 1115 4592655
633 1116 4596827
633.5 1117 4600999
634 1118 4605173
634.5 1119 4609345
635 1119 4613517
635.5 1120 4617689
636 1121 4621861
636.5 1122 4626033
637 1123 4630205
637.5 1124 4634377
638 1125 4638549
638.5 1126 4642723
639 1127 4646895
639.5 1128 4651067
640 1129 4655239
640.5 1130 4659411
641 1131 4663583
641.5 1131 4667755
642 1132 4671927
642.5 1133 4676099
643 1134 4680273
643.5 1135 4684445
644 1136 4688617
644.5 1137 4692789
645 1138 4696961
645.5 1139 4701133
646 1140 4705305
646.5 1141 4709477
647 1142 4713651
647.5 1142 4717823
648 1143 4721995
648.5 1144 4726167
649 1145 4730339
649.5 1146 4734511
650 1147 4738683
650.5 1148 4742855
651 1149 4747027
651.5 1150 4751201
652 1151 4755373
652.5 1152 4759545
653 1152 4763717
653.5 1153 4767889
654 1154 4772061
654.5 1155 4776233
655 1156 4780405
655.5 1157 4784577
656 1158 4788751
656.5 1159 4792923
657 1160 4797095
657.5 1161 4801267
658 1161 4805439
658.5 1162 4809611
659 1163 4813783
659.5 1164 4817955
660 1165 4822127
660.5 1166 4826301
661 1167 4830473
661.5 1168 4834645
662 1169 4838817
662.5 1170 4842989
663 1170 4847161
663.5 1171 4851333
664 1172 4855505
664.5 1173 4859679
665 1174 4863851
665.5 1175 4868023
666 1176 4872195
666.5 1177 4876367
667 1178 4880539
667.5 1178 4884711
668 1179 4888883
668.5 1180 4893055
669 1181 4897229
669.5 1182 4901401
670 1183 4905573
670.5 1184 4909745
671 1185 4913917
671.5 1185 4918089
672 1186 4922261
672.5 1187 4926433
673 1188 4930605
673.5 1189 4934779
674 1190 4938951
674.5 1191 4943123
675 1192 4947295
675.5 1192 4951467
676 1193 4955639
676.5 1194 4959811
677 1195 4963983
677.5 1196 4968157
678 1197 4972329
678.5 1198 4976501
679 1199 4980673
679.5 1199 4984845
680 1200 4989017
680.5 1201 4993189
681 1202 4997361
681.5 1203 5001533
682 1204 5005707
682.5 1205 5009879
683 1206 5014051
683.5 1206 5018223
684 1207 5022395
684.5 1208 5026567
685 1209 5030739
685.5 1210 5034911
686 1211 5039083
686.5 1212 5043257
687 1212 5047429
687.5 1213 5051601
688 1214 5055773
688.5 1215 5059945
689 1216 5064117
689.5 1217 5068289
690 1218 5072461
690.5 1218 5076633
691 1219 5080807
691.5 1220 5084979
692 1221 5089151
692.5 1222 5093323
693 1223 5097495
693.5 1224 5101667
694 1224 5105839
694.5 1225 5110011
695 1226 5114185
695.5 1227 5118357
696 1228 5122529
696.5 1229 5126701
697 1229 5130873
697.5 1230 5135045
698 1231 5139217
698.5 1232 5143389
699 1233 5147561
699.5 1234 5151735
700 1235 5155907
700.5 1235 5160079
701 1236 5164251
701.5 1237 5168423
702 1238 5172595
702.5 1239 5176767
703 1240 5180939
703.5 1240 5185111
704 1241 5189285
704.5 1242 5193457
705 1243 5197629
705.5 1244 5201801
706 1245 5205973
706.5 1245 5210145
707 1246 5214317
707.5 1247 5218489
708 1248 5222663
708.5 1249 5226835
709 1250 5231007
709.5 1250 5235179
710 1251 5239351
710.5 1252 5243523
711 1253 5247695
711.5 1254 5251867
712 1255 5256039
712.5 1255 5260213
713 1256 5264385
713.5 1257 5268557
714 1258 5272729
714.5 1259 5276901
715 1260 5281073
715.5 1260 5285245
716 1261 5289417
716.5 1262 5293589
717 1263 5297763
717.5 1264 5301935
718 1265 5306107
718.5 1265 5310279
719 1266 5314451
719.5 1267 5318623
720 1268 5322795
720.5 1269 5326967
721 1270 5331141
721.5 1270 5335313
722 1271 5339485
722.5 1272 5343657
723 1273 5347829
723.5 1274 5352001
724 1274 5356173
724.5 1275 5360345
725 1276 5364517
725.5 1277 5368691
726 1278 5372863
726.5 1279 5377035
727 1279 5381207
727.5 1280 5385379
728 1281 5389551
728.5 1282 5393723
729 1283 5397895
729.5 1283 5402067
730 1284 5406241
730.5 1285 5410413
731 1286 5414585
731.5 1287 5418757
732 1287 5422929
732.5 1288 5427101
733 645 5431223
733.5 647 5433745
734 649 5436223
734.5 650 5438711
735 652 5441261
735.5 654 5443817
736 656 5446381
736.5 658 5448953
737 660 5451535
737.5 662 5454123
738 664 5456719
738.5 666 5459299
739 668 5461855
739.5 670 5464421
740 672 5467047
740.5 674 5469683
741 676 5472325
741.5 678 5474975
742 680 5477633
742.5 682 5480301
743 684 5482975
743.5 686 5485613
744 687 5488247
744.5 689 5490893
745 691 5493597
745.5 693 5496309
746 695 5499031
746.5 697 5501759
747 699 5504495
747.5 701 5507239
748 703 5509983
748.5 705 5512687
749 707 5515401
749.5 709 5518125
750 711 5520907
750.5 713 5523697
751 715 5526495
751.5 717 5529303
752 719 5532117
752.5 721 5534939
753 723 5537741
753.5 724 5540523
754 726 5543315
754.5 728 5546117
755 730 5548977
755.5 732 5551845
756 734 5554721
756.5 736 5557605
757 738 5560499
757.5 740 5563399
758 742 5566259
758.5 744 5569119
759 746 5571987
759.5 748 5574867
760 750 5577807
760.5 752 5580753
761 754 5583707
761.5 756 5586669
762 758 5589641
762.5 759 5592605
763 761 5595537
763.5 763 5598475
764 765 5601423
764.5 767 5604381
765 769 5607397
765.5 771 5610423
766 773 5613455
766.5 775 5616495
767 777 5619535
767.5 779 5622567
768 781 5625575
768.5 783 5628593
769 785 5631617
769.5 787 5634655
770 789 5637749
770.5 791 5640851
771 793 5643963
771.5 794 5647073
772 796 5650179
772.5 798 5653289
773 800 5656375
773.5 802 5659471
774 804 5662573
774.5 806 5665689
775 808 5668861
775.5 810 5672041
776 812 5675221
776.5 814 5678397
777 816 5681583
777.5 818 5684769
778 820 5687935
778.5 822 5691107
779 824 5694289
779.5 826 5697483
780 828 5700733
780.5 829 5703983
781 831 5707229
781.5 833 5710485
782 835 5713747
782.5 837 5717013
783 839 5720255
783.5 841 5723507
784 843 5726765
784.5 845 5730037
785 847 5733359
785.5 849 5736675
786 851 5739999
786.5 853 5743331
787 855 5746673
787.5 857 5750015
788 859 5753337
788.5 861 5756665
789 863 5759999
789.5 864 5763345
790 866 5766733
790.5 868 5770127
791 870 5773529
791.5 872 5776939
792 874 5780357
792.5 876 5783763
793 878 5787159
793.5 880 5790563
794 882 5793977
794.5 884 5797401
795 886 5800865
795.5 888 5804339
796 890 5807819
796.5 892 5811307
797 894 5814799
797.5 896 5818267
798 898 5821741
798.5 900 5825225
799 901 5828715
799.5 903 5832219
800 905 5835761
800.5 907 5839311
801 909 5842871
801.5 911 5846437
802 913 5849987
802.5 915 5853531
803 917 5857085
803.5 919 5860645
804 921 5864215
804.5 923 5867795
805 925 5871417
805.5 927 5875045
806 929 5878681
806.5 931 5882319
807 933 5885935
807.5 935 5889557
808 936 5893189
808.5 938 5896827
809 940 5900473
809.5 942 5904133
810 944 5907831
810.5 946 5911539
811 948 5915253
811.5 950 5918949
812 952 5922641
812.5 954 5926343
813 956 5930051
813.5 958 5933769
814 960 5937493
814.5 962 5941231
815 964 5945007
815.5 966 5948793
816 968 5952577
816.5 970 5956339
817 972 5960111
817.5 973 5963889
818 975 5967677
818.5 977 5971471
819 979 5975275
819.5 981 5979091
820 983 5982945
820.5 985 5986807
821 987 5990649
821.5 989 5994491
822 991 5998339
822.5 993 6002197
823 995 6006061
823.5 997 6009935
824 999 6013815
824.5 1001 6017709
825 1003 6021641
825.5 1005 6025573
826 1007 6029483
826.5 1009 6033403
827 1010 6037329
827.5 1012 6041263
828 1014 6045207
828.5 1016 6049157
829 1018 6053117
829.5 1020 6057089
830 1022 6061099
830.5 1024 6065087
831 1026 6069077
831.5 1028 6073073
832 1030 6077079
832.5 1032 6081091
833 1034 6085113
833.5 1036 6089141
834 1038 6093179
834.5 1040 6097229
835 1042 6101305
835.5 1044 6105365
836 1045 6109431
836.5 1047 6113507
837 1049 6117589
837.5 1051 6121681
838 1053 6125779
838.5 1055 6129887
839 1057 6134001
839.5 1059 6138129
840 1061 6142265
840.5 1063 6146401
841 1065 6150547
841.5 1067 6154699
842 1069 6158861
842.5 1071 6163029
843 1072 6167201
843.5 1073 6171373
844 1074 6175545
844.5 1075 6179719
845 1076 6183891
845.5 1077 6188063
846 1078 6192235
846.5 1079 6196407
847 1080 6200579
847.5 1081 6204751
848 1082 6208923
848.5 1083 6213095
849 1084 6217269
849.5 1085 6221441
850 1086 6225613
850.5 1087 6229785
851 1088 6233957
851.5 1089 6238129
852 1089 6242301
852.5 1090 6246473
853 1091 6250645
853.5 1092 6254819
854 1093 6258991
854.5 1094 6263163
855 1095 6267335
855.5 1096 6271507
856 1097 6275679
856.5 1098 6279851
857 1099 6284023
857.5 1100 6288197
858 1101 6292369
858.5 1102 6296541
859 1103 6300713
859.5 1104 6304885
860 1105 6309057
860.5 1106 6313229
861 1107 6317401
861.5 1107 6321573
862 1108 6325747
862.5 1109 6329919
863 1110 6334091
863.5 1111 6338263
864 1112 6342435
864.5 1113 6346607
865 1114 6350779
865.5 1115 6354951
866 1116 6359123
866.5 1117 6363297
867 1118 6367469
867.5 1119 6371641
868 1120 6375813
868.5 1121 6379985
869 1122 6384157
869.5 1122 6388329
870 1123 6392501
870.5 1124 6396673
871 1125 6400847
871.5 1126 6405019
872 1127 6409191
872.5 1128 6413363
873 1129 6417535
873.5 1130 6421707
874 1131 6425879
874.5 1132 6430051
875 1133 6434225
875.5 1134 6438397
876 1134 6442569
876.5 1135 6446741
877 1136 6450913
877.5 1137 6455085
878 1138 6459257
878.5 1139 6463429
879 1140 6467601
879.5 1141 6471775
880 1142 6475947
880.5 1143 6480119
881 1144 6484291
881.5 1145 6488463
882 1145 6492635
882.5 1146 6496807
883 1147 6500979
883.5 1148 6505151
884 1149 6509325
884.5 1150 6513497
885 1151 6517669
885.5 1152 6521841
886 1153 6526013
886.5 1154 6530185
887 1154 6534357
887.5 1155 6538529
888 1156 6542703
888.5 1157 6546875
889 1158 6551047
889.5 1159 6555219
890 1160 6559391
890.5 1161 6563563
891 1162 6567735
891.5 1163 6571907
892 1163 6576079
892.5 1164 6580253
893 1165 6584425
893.5 1166 6588597
894 1167 6592769
894.5 1168 6596941
895 1169 6601113
895.5 1170 6605285
896 1171 6609457
896.5 1172 6613629
897 1172 6617803
897.5 1173 6621975
898 1174 6626147
898.5 1175 6630319
899 1176 6634491
899.5 1177 6638663
